SensorId = 33
Date = 1296554049257482026
FailureId = 45855
SensorsNameId = 56
PowerLineId = 13
PC_DateTime = 2/5/2021 9:54:23 AM
GPS_Accuracy = 32
GPS_Auth = 64
GPS_Flag = 201
GPS_FrontCounter = 151
GPS_latitude = 55.9052698333333
GPS_longitude = 49.2091045
GPS_PValid = True
Control_Reg = 0
MC_Temperature = 332
MC_VCC = 3.258
RZ = 39
FLAG = 3819
SensorFlag = 4217
FLAGCh1 = 4313
SensorFlagCh1 = 
FLAGCh2 = 10980
SensorFlagCh2 = 
RST_Status = 0
GSM_Signal_Level = 31
Ch_bit_Rate_error = 99
U_Battery = 11.66
NetworkStatus = 
SensorVersion = 401
Time_period = 1000
Ustavka_L = 30
Step = 10
CountValue = 3
FaultLength = 
GainDA1_A = 1
GainDA1_B = 1
GainDA2_A = 1
GainDA2_B = 1
ADCA_C0_ctrl = 
ADCA_ref = 
ADCA_prescaler = 
ADCB_C0_ctrl = 
ADCB_C0_MUX = 
ADCB_ref = 
ADCB_prescaler = 
Porog_MCF = 30
MCFDepth = 
Max_OSC_ch0 = 166
Min_OSC_ch0 = 89
Max_OSC_ch1 = 129
Min_OSC_ch1 = 128
Max_OSC_ch2 = 129
Min_OSC_ch2 = 129
Max_Osc_ch0_LowFreq = 135
Min_Osc_ch0_LowFreq = 122
Max_Osc_ch1_LowFreq = 128
Min_Osc_ch1_LowFreq = 127
Max_Osc_ch2_LowFreq = 128
Min_Osc_ch2_LowFreq = 128
ImpulseCountCh0 = 5
ImpulseCountCh1 = 5
ImpulseCountCh2 = 0
PorogArtInt = 50
ZeroNumber = 300
NoiseOffset = 
MC_VREF = 2778
GSM_Temperature = 16
GSM_PwrVoltage = 3832
IsVoltageCircuit = 1
EmergChNumber = 0
mcf2StartPointA = 3436
mcf2StartPointB = 4313
mcf2StartPointC = 10980
NoisePorogA = 303
NoisePorogB = 0
NoisePorogC = 0
Imp1SpecEnergyCh0 = 13
Imp1SpecEnergyCh1 = 0
Imp1SpecEnergyCh2 = 0
Imp2SpecEnergyCh0 = 21
Imp2SpecEnergyCh1 = 0
Imp2SpecEnergyCh2 = 0
Imp1NormaEnergyCh0 = 953
Imp1NormaEnergyCh1 = 13
Imp1NormaEnergyCh2 = 0
Imp2NormaEnergyCh0 = 1
Imp2NormaEnergyCh1 = 2
Imp2NormaEnergyCh2 = 0
Imp1DurationCh0 = 2645
Imp1DurationCh1 = 468
Imp1DurationCh2 = 0
Imp2DurationCh0 = 2
Imp2DurationCh1 = 8
Imp2DurationCh2 = 0
CorRatio01 = 0
CorRatio02 = 0
CorRatio12 = 0
Imp1MaxCh0 = 36
Imp1MinCh0 = -38
Imp1MaxPointCh0 = 4758
Imp1MinPointCh0 = 4757
Imp1MaxCh1 = 0
Imp1MinCh1 = -1
Imp1MaxPointCh1 = 4314
Imp1MinPointCh1 = 4313
Imp1MaxCh2 = 0
Imp1MinCh2 = 0
Imp1MaxPointCh2 = -1
Imp1MinPointCh2 = -1
AbsMaxCFuncA = 
AbsMaxCFuncB = 
AbsMaxCFuncC = 
EnergyFIntA = 
EnergyFIntB = 
EnergyFIntC = 
EnergySIntA = 
EnergySIntB = 
EnergySIntC = 
TotalDurationFullOscA = 
TotalDurationFullOscB = 
TotalDurationFullOscC = 
TotalSpecEnergyA = 
TotalSpecEnergyB = 
TotalSpecEnergyC = 
ImpulseCount2Ch0 = 
ImpulseCount2Ch1 = 
ImpulseCount2Ch2 = 
mcf3StartPointA = 
mcf3StartPointB = 
mcf3StartPointC = 

osc_ch0,osc_ch0_ml
129,0
129,0
130,0
129,0
129,0
129,0
129,0
129,0
129,0
129,0
129,0
129,0
129,0
129,0
129,0
129,0
129,0
129,0
129,0
129,0
129,0
129,0
129,0
129,0
129,0
129,0
129,0
129,0
129,0
129,0
129,0
129,0
129,0
129,0
129,0
129,0
129,0
129,0
129,0
129,0
129,0
129,0
129,0
129,0
129,0
129,0
130,0
129,0
129,0
129,0
129,0
129,0
129,0
129,0
129,0
129,0
129,0
129,0
129,0
129,0
129,0
129,0
129,0
129,0
129,0
126,0
129,0
129,0
129,0
129,0
129,0
130,0
129,0
130,0
129,0
130,0
129,0
129,0
129,0
129,0
129,0
129,0
129,0
129,0
129,0
129,0
129,0
129,0
129,0
129,0
129,0
129,0
129,0
129,0
129,0
129,0
129,0
129,0
129,0
129,0
129,0
129,0
130,0
128,0
130,0
129,0
129,0
129,0
129,0
129,0
129,0
129,0
129,0
129,0
129,0
129,0
129,0
129,0
129,0
129,0
129,0
129,0
130,0
129,0
129,0
129,0
129,0
129,0
129,0
129,0
129,0
130,0
129,0
130,0
129,0
129,0
129,0
129,0
129,0
129,0
129,0
129,0
129,0
130,0
129,0
129,0
129,0
129,0
129,0
129,0
129,0
129,0
129,0
129,0
129,0
129,0
129,0
129,0
129,0
129,0
129,0
129,0
129,0
129,0
129,0
129,0
129,0
129,0
129,0
129,0
129,0
129,0
130,0
129,0
129,0
129,0
129,0
129,0
129,0
129,0
129,0
129,0
129,0
129,0
129,0
129,0
129,0
129,0
129,0
129,0
129,0
129,0
129,0
129,0
129,0
129,0
129,0
129,0
129,0
129,0
129,0
129,0
129,0
129,0
129,0
129,0
129,0
129,0
129,0
129,0
129,0
129,0
129,0
129,0
128,0
130,0
129,0
130,0
129,0
130,0
129,0
129,0
129,0
129,0
129,0
129,0
129,0
129,0
129,0
129,0
129,0
129,0
129,0
129,0
129,0
129,0
129,0
129,0
129,0
129,0
129,0
129,0
129,0
129,0
129,0
129,0
129,0
129,0
129,0
129,0
130,0
127,0
129,0
129,0
129,0
129,0
129,0
129,0
129,0
129,0
129,0
129,0
129,0
129,0
129,0
129,0
129,0
129,0
129,0
129,0
129,0
129,0
129,0
129,0
129,0
129,0
129,0
129,0
128,0
130,0
129,0
129,0
129,0
130,0
129,0
129,0
129,0
129,0
129,0
129,0
129,0
129,0
129,0
129,0
129,0
129,0
129,0
129,0
129,0
129,0
129,0
129,0
129,0
129,0
129,0
129,0
129,0
129,0
129,0
129,0
130,0
129,0
129,0
129,0
129,0
129,0
129,0
129,0
129,0
129,0
129,0
129,0
129,0
129,0
129,0
129,0
129,0
129,0
129,0
129,0
129,0
129,0
129,0
129,0
130,0
129,0
130,0
129,0
130,0
129,0
129,0
129,0
129,0
129,0
129,0
129,0
129,0
129,0
129,0
129,0
129,0
129,0
129,0
129,0
130,0
129,0
129,0
129,0
129,0
129,0
129,0
129,0
129,0
130,0
129,0
130,0
129,0
130,0
129,0
129,0
129,0
129,0
128,0
129,0
129,0
129,0
129,0
129,0
129,0
129,0
129,0
129,0
129,0
129,0
129,0
129,0
129,0
129,0
129,0
129,0
129,0
129,0
129,0
129,0
129,0
129,0
129,0
129,0
129,0
129,0
129,0
129,0
129,0
129,0
129,0
129,0
129,0
129,0
129,0
129,0
129,0
129,0
129,0
129,0
129,0
129,0
129,0
129,0
129,0
129,0
129,0
129,0
129,0
129,0
130,0
128,0
130,0
128,0
129,0
129,0
129,0
129,0
129,0
129,0
129,0
129,0
129,0
129,0
129,0
130,0
129,0
129,0
129,0
129,0
129,0
129,0
129,0
129,0
129,0
129,0
129,0
129,0
129,0
129,0
129,0
129,0
129,0
129,0
129,0
129,0
129,0
129,0
129,0
129,0
129,0
129,0
129,0
129,0
129,0
129,0
129,0
129,0
129,0
129,0
129,0
129,0
129,0
129,0
129,0
129,0
129,0
129,0
129,0
130,0
129,0
130,0
129,0
129,0
129,0
129,0
129,0
129,0
129,0
129,0
129,0
129,0
129,0
129,0
129,0
129,0
129,0
129,0
129,0
129,0
129,0
129,0
129,0
129,0
129,0
129,0
129,0
129,0
129,0
129,0
129,0
129,0
129,0
129,0
129,0
129,0
129,0
129,0
129,0
129,0
129,0
129,0
129,0
129,0
129,0
129,0
129,0
129,0
129,0
129,0
129,0
129,0
129,0
129,0
129,0
129,0
129,0
129,0
129,0
129,0
130,0
129,0
130,0
129,0
129,0
129,0
129,0
129,0
129,0
129,0
129,0
129,0
129,0
129,0
129,0
129,0
129,0
129,0
129,0
129,0
129,0
129,0
129,0
129,0
129,0
129,0
129,0
129,0
129,0
129,0
130,0
129,0
129,0
129,0
129,0
129,0
129,0
129,0
129,0
129,0
129,0
129,0
129,0
129,0
129,0
129,0
129,0
129,0
129,0
129,0
129,0
129,0
129,0
129,0
129,0
129,0
129,0
129,0
129,0
129,0
129,0
129,0
129,0
129,0
129,0
129,0
129,0
129,0
129,0
129,0
129,0
129,0
129,0
129,0
129,0
129,0
129,0
129,0
129,0
129,0
129,0
129,0
129,0
129,0
129,0
129,0
129,0
130,0
129,0
130,0
129,0
130,0
129,0
129,0
129,0
129,0
129,0
129,0
129,0
129,0
129,0
129,0
129,0
129,0
129,0
129,0
129,0
129,0
129,0
129,0
129,0
129,0
129,0
129,0
129,0
129,0
129,0
130,0
129,0
130,0
129,0
129,0
129,0
129,0
130,0
129,0
129,0
129,0
129,0
129,0
129,0
129,0
129,0
129,0
129,0
129,0
129,0
129,0
129,0
129,0
129,0
129,0
129,0
129,0
129,0
129,0
129,0
129,0
129,0
129,0
129,0
129,0
129,0
129,0
129,0
129,0
129,0
129,0
129,0
129,0
129,0
129,0
129,0
129,0
129,0
129,0
129,0
129,0
129,0
129,0
129,0
129,0
129,0
129,0
129,0
129,0
129,0
129,0
129,0
129,0
129,0
129,0
129,0
129,0
129,0
129,0
129,0
129,0
129,0
129,0
129,0
129,0
129,0
129,0
129,0
129,0
129,0
129,0
129,0
129,0
129,0
129,0
129,0
129,0
129,0
129,0
130,0
129,0
129,0
129,0
130,0
129,0
129,0
129,0
129,0
129,0
129,0
129,0
129,0
129,0
129,0
129,0
129,0
129,0
129,0
129,0
129,0
129,0
129,0
129,0
129,0
129,0
129,0
129,0
129,0
129,0
129,0
129,0
130,0
129,0
129,0
129,0
129,0
129,0
129,0
129,0
129,0
129,0
129,0
129,0
129,0
129,0
129,0
129,0
129,0
129,0
129,0
129,0
129,0
129,0
129,0
129,0
129,0
129,0
129,0
129,0
129,0
129,0
129,0
129,0
129,0
129,0
129,0
129,0
129,0
129,0
129,0
129,0
129,0
129,0
129,0
129,0
129,0
129,0
129,0
129,0
129,0
129,0
129,0
129,0
129,0
129,0
129,0
129,0
129,0
129,0
130,0
129,0
130,0
129,0
129,0
129,0
129,0
129,0
129,0
129,0
129,0
129,0
129,0
129,0
129,0
129,0
129,0
129,0
129,0
129,0
129,0
129,0
129,0
129,0
129,0
129,0
129,0
129,0
129,0
129,0
129,0
129,0
130,0
128,0
129,0
129,0
129,0
129,0
129,0
129,0
129,0
129,0
129,0
129,0
129,0
129,0
129,0
129,0
129,0
129,0
129,0
129,0
129,0
129,0
129,0
129,0
129,0
129,0
129,0
129,0
130,0
129,0
130,0
129,0
130,0
129,0
129,0
129,0
129,0
129,0
129,0
129,0
129,0
129,0
129,0
129,0
129,0
129,0
129,0
129,0
129,0
129,0
129,0
129,0
129,0
129,0
129,0
129,0
129,0
129,0
129,0
129,0
130,0
129,0
129,0
129,0
129,0
129,0
129,0
129,0
130,0
129,0
130,0
129,0
129,0
129,0
129,0
129,0
129,0
129,0
129,0
129,0
129,0
129,0
129,0
129,0
129,0
129,0
129,0
129,0
129,0
129,0
129,0
129,0
129,0
129,0
129,0
129,0
129,0
129,0
129,0
129,0
129,0
129,0
129,0
129,0
129,0
129,0
129,0
129,0
129,0
129,0
129,0
129,0
129,0
129,0
129,0
129,0
129,0
129,0
129,0
129,0
129,0
129,0
129,0
129,0
129,0
129,0
129,0
129,0
129,0
129,0
129,0
129,0
129,0
129,0
129,0
129,0
129,0
129,0
129,0
129,0
129,0
129,0
129,0
129,0
129,0
129,0
129,0
129,0
129,0
130,0
128,0
130,0
129,0
129,0
129,0
129,0
129,0
129,0
129,0
129,0
129,0
129,0
129,0
129,0
129,0
129,0
129,0
129,0
129,0
129,0
129,0
129,0
129,0
129,0
129,0
129,0
129,0
129,0
129,0
129,0
129,0
129,0
129,0
130,0
129,0
129,0
129,0
129,0
129,0
129,0
129,0
129,0
129,0
129,0
129,0
129,0
129,0
129,0
129,0
129,0
129,0
129,0
129,0
129,0
129,0
129,0
129,0
129,0
129,0
129,0
129,0
129,0
129,0
129,0
129,0
129,0
129,0
129,0
129,0
129,0
129,0
129,0
129,0
129,0
129,0
129,0
129,0
129,0
129,0
129,0
129,0
129,0
129,0
129,0
129,0
129,0
129,0
129,0
129,0
129,0
130,0
129,0
130,0
129,0
129,0
129,0
129,0
129,0
129,0
129,0
129,0
129,0
129,0
129,0
129,0
129,0
129,0
129,0
129,0
129,0
129,0
129,0
129,0
129,0
129,0
129,0
129,0
129,0
129,0
129,0
129,0
129,0
129,0
129,0
129,0
129,0
129,0
129,0
129,0
129,0
129,0
129,0
129,0
129,0
129,0
129,0
129,0
129,0
129,0
129,0
129,0
129,0
129,0
129,0
129,0
129,0
129,0
129,0
129,0
129,0
129,0
129,0
129,0
130,0
129,0
129,0
129,0
129,0
129,0
129,0
129,0
129,0
129,0
129,0
129,0
129,0
129,0
129,0
129,0
129,0
129,0
129,0
129,0
129,0
129,0
129,0
129,0
129,0
129,0
129,0
129,0
129,0
129,0
129,0
129,0
130,0
129,0
129,0
129,0
129,0
129,0
129,0
129,0
129,0
129,0
129,0
129,0
129,0
129,0
129,0
129,0
129,0
129,0
129,0
129,0
129,0
129,0
129,0
129,0
129,0
129,0
129,0
129,0
129,0
130,0
129,0
129,0
129,0
129,0
129,0
129,0
129,0
129,0
129,0
129,0
129,0
129,0
130,0
129,0
129,0
129,0
129,0
129,0
129,0
129,0
129,0
129,0
129,0
129,0
129,0
129,0
129,0
129,0
130,0
129,0
130,0
129,0
129,0
129,0
129,0
129,0
129,0
129,0
129,0
129,0
129,0
129,0
129,0
129,0
129,0
129,0
129,0
130,0
129,0
129,0
129,0
129,0
129,0
129,0
129,0
129,0
129,0
129,0
129,0
129,0
129,0
129,0
129,0
129,0
129,0
129,0
129,0
129,0
129,0
129,0
129,0
129,0
129,0
129,0
129,0
129,0
129,0
129,0
129,0
129,0
129,0
129,0
129,0
129,0
129,0
129,0
129,0
129,0
129,0
129,0
129,0
129,0
129,0
129,0
129,0
129,0
129,0
129,0
129,0
129,0
129,0
129,0
129,0
129,0
129,0
129,0
129,0
129,0
129,0
129,0
129,0
129,0
129,0
129,0
129,0
129,0
129,0
129,0
129,0
129,0
129,0
129,0
129,0
129,0
129,0
129,0
129,0
129,0
129,0
129,0
129,0
129,0
129,0
129,0
129,0
129,0
129,0
129,0
129,0
129,0
129,0
129,0
129,0
129,0
129,0
129,0
129,0
129,0
129,0
129,0
129,0
129,0
129,0
129,0
129,0
129,0
129,0
129,0
129,0
129,0
129,0
129,0
129,0
129,0
130,0
129,0
129,0
129,0
129,0
129,0
129,0
129,0
129,0
129,0
129,0
129,0
129,0
129,0
129,0
129,0
129,0
129,0
129,0
129,0
129,0
129,0
129,0
129,0
129,0
129,0
129,0
129,0
129,0
129,0
129,0
129,0
129,0
129,0
129,0
129,0
129,0
129,0
129,0
129,0
129,0
129,0
129,0
129,0
129,0
129,0
129,0
129,0
129,0
129,0
129,0
129,0
129,0
129,0
129,0
129,0
129,0
129,0
129,0
129,0
129,0
129,0
129,0
129,0
129,0
129,0
129,0
129,0
129,0
129,0
129,0
129,0
129,0
129,0
129,0
129,0
129,0
129,0
129,0
129,0
129,0
129,0
129,0
129,0
129,0
129,0
129,0
129,0
129,0
129,0
129,0
129,0
129,0
129,0
129,0
129,0
129,0
129,0
129,0
129,0
129,0
129,0
129,0
129,0
129,0
129,0
129,0
129,0
129,0
129,0
129,0
129,0
130,0
129,0
130,0
129,0
130,0
129,0
129,0
129,0
129,0
129,0
129,0
129,0
129,0
129,0
129,0
129,0
129,0
129,0
129,0
129,0
129,0
129,0
129,0
129,0
129,0
129,0
129,0
129,0
129,0
129,0
129,0
129,0
129,0
129,0
129,0
130,0
129,0
130,0
129,0
129,0
129,0
129,0
129,0
129,0
129,0
129,0
129,0
129,0
129,0
129,0
129,0
129,0
129,0
129,0
129,0
129,0
129,0
129,0
129,0
129,0
129,0
129,0
129,0
129,0
129,0
129,0
129,0
129,0
129,0
129,0
129,0
129,0
129,0
129,0
129,0
129,0
129,0
129,0
129,0
129,0
129,0
129,0
129,0
129,0
129,0
129,0
129,0
129,0
129,0
129,0
129,0
129,0
129,0
129,0
129,0
129,0
130,0
129,0
129,0
129,0
129,0
129,0
129,0
129,0
130,0
129,0
129,0
129,0
129,0
129,0
129,0
129,0
129,0
129,0
129,0
129,0
129,0
129,0
129,0
129,0
129,0
129,0
129,0
129,0
129,0
129,0
130,0
129,0
130,0
129,0
129,0
129,0
129,0
129,0
129,0
129,0
129,0
129,0
129,0
129,0
129,0
129,0
129,0
129,0
129,0
129,0
129,0
129,0
129,0
129,0
129,0
129,0
129,0
129,0
129,0
129,0
129,0
129,0
129,0
129,0
129,0
129,0
129,0
129,0
129,0
129,0
129,0
129,0
129,0
129,0
129,0
129,0
129,0
129,0
129,0
129,0
129,0
129,0
129,0
129,0
129,0
129,0
129,0
129,0
129,0
129,0
129,0
129,0
129,0
129,0
129,0
129,0
129,0
129,0
129,0
129,0
129,0
129,0
129,0
129,0
129,0
129,0
129,0
129,0
129,0
129,0
129,0
129,0
129,0
129,0
129,0
129,0
129,0
129,0
130,0
129,0
130,0
129,0
129,0
129,0
129,0
129,0
129,0
130,0
129,0
130,0
129,0
129,0
129,0
129,0
129,0
129,0
129,0
129,0
129,0
129,0
129,0
129,0
129,0
129,0
129,0
129,0
129,0
129,0
129,0
129,0
130,0
129,0
129,0
129,0
129,0
130,0
129,0
130,0
129,0
130,0
129,0
129,0
129,0
129,0
129,0
129,0
129,0
129,0
129,0
129,0
129,0
129,0
129,0
129,0
129,0
129,0
129,0
129,0
129,0
129,0
129,0
129,0
129,0
129,0
129,0
129,0
129,0
130,0
129,0
130,0
129,0
130,0
129,0
129,0
129,0
129,0
129,0
129,0
129,0
129,0
129,0
129,0
129,0
129,0
129,0
129,0
129,0
129,0
129,0
129,0
129,0
129,0
129,0
129,0
129,0
129,0
129,0
129,0
129,0
129,0
129,0
129,0
129,0
129,0
129,0
129,0
129,0
129,0
129,0
129,0
129,0
129,0
129,0
129,0
129,0
129,0
129,0
129,0
129,0
129,0
129,0
129,0
129,0
129,0
129,0
129,0
129,0
129,0
129,0
129,0
129,0
129,0
129,0
129,0
129,0
129,0
129,0
129,0
129,0
129,0
129,0
129,0
129,0
129,0
129,0
129,0
129,0
129,0
129,0
129,0
129,0
129,0
129,0
129,0
129,0
129,0
129,0
129,0
129,0
129,0
129,0
129,0
129,0
129,0
129,0
129,0
130,0
129,0
130,0
129,0
130,0
129,0
129,0
129,0
129,0
129,0
129,0
130,0
129,0
130,0
129,0
129,0
129,0
129,0
129,0
129,0
129,0
129,0
129,0
129,0
129,0
129,0
129,0
129,0
129,0
129,0
129,0
129,0
129,0
129,0
129,0
129,0
129,0
129,0
129,0
129,0
129,0
129,0
129,0
129,0
129,0
129,0
129,0
129,0
129,0
129,0
129,0
129,0
129,0
129,0
129,0
129,0
129,0
129,0
129,0
129,0
129,0
130,0
129,0
129,0
129,0
130,0
129,0
130,0
129,0
130,0
129,0
129,0
129,0
129,0
129,0
129,0
129,0
129,0
129,0
129,0
129,0
129,0
129,0
129,0
129,0
129,0
129,0
129,0
129,0
129,0
129,0
129,0
129,0
129,0
129,0
129,0
129,0
129,0
130,0
129,0
129,0
129,0
129,0
129,0
129,0
129,0
129,0
129,0
130,0
129,0
130,0
129,0
129,0
129,0
129,0
129,0
129,0
129,0
129,0
129,0
129,0
129,0
129,0
129,0
129,0
129,0
129,0
129,0
129,0
129,0
129,0
129,0
129,0
129,0
129,0
129,0
129,0
129,0
129,0
129,0
129,0
129,0
129,0
129,0
129,0
129,0
129,0
129,0
129,0
129,0
129,0
129,0
129,0
129,0
129,0
130,0
129,0
129,0
129,0
129,0
129,0
129,0
129,0
129,0
130,0
129,0
129,0
129,0
129,0
129,0
129,0
129,0
129,0
129,0
129,0
129,0
129,0
129,0
129,0
129,0
129,0
129,0
129,0
129,0
129,0
129,0
129,0
129,0
129,0
129,0
130,0
129,0
129,0
130,0
129,0
130,0
129,0
130,0
129,0
130,0
129,0
129,0
129,0
129,0
129,0
129,0
129,0
129,0
130,0
129,0
129,0
129,0
129,0
129,0
129,0
129,0
129,0
129,0
129,0
129,0
129,0
129,0
129,0
129,0
129,0
129,0
129,0
129,0
129,0
129,0
129,0
129,0
129,0
129,0
129,0
129,0
129,0
129,0
129,0
129,0
129,0
129,0
129,0
129,0
129,0
129,0
129,0
129,0
129,0
129,0
129,0
129,0
129,0
129,0
129,0
129,0
129,0
129,0
129,0
129,0
129,0
129,0
129,0
129,0
129,0
129,0
129,0
129,0
129,0
129,0
129,0
129,0
129,0
129,0
129,0
129,0
129,0
129,0
129,0
129,0
129,0
129,0
129,0
129,0
129,0
129,0
129,0
129,0
129,0
129,0
129,0
129,0
129,0
129,0
129,0
129,0
129,0
129,0
129,0
130,0
129,0
129,0
129,0
129,0
129,0
129,0
129,0
129,0
129,0
129,0
129,0
129,0
129,0
129,0
129,0
129,0
129,0
129,0
129,0
129,0
129,0
129,0
129,0
129,0
129,0
129,0
129,0
129,0
129,0
129,0
129,0
129,0
129,0
130,0
128,0
130,0
129,0
129,0
129,0
129,0
129,0
129,0
129,0
129,0
129,0
129,0
129,0
129,0
129,0
129,0
129,0
129,0
129,0
129,0
129,0
129,0
129,0
130,0
129,0
130,0
129,0
129,0
129,0
129,0
129,0
129,0
129,0
130,0
129,0
130,0
129,0
129,0
129,0
129,0
129,0
129,0
129,0
129,0
129,0
129,0
129,0
129,0
129,0
129,0
129,0
129,0
129,0
129,0
129,0
129,0
129,0
129,0
129,0
129,0
129,0
129,0
129,0
129,0
129,0
129,0
129,0
129,0
129,0
129,0
129,0
130,0
129,0
129,0
129,0
129,0
129,0
129,0
129,0
129,0
129,0
129,0
129,0
129,0
129,0
129,0
129,0
129,0
129,0
129,0
129,0
129,0
129,0
129,0
129,0
129,0
129,0
129,0
129,0
129,0
129,0
129,0
129,0
129,0
129,0
129,0
129,0
129,0
129,0
129,0
129,0
129,0
129,0
129,0
129,0
129,0
129,0
129,0
129,0
129,0
129,0
129,0
129,0
129,0
129,0
129,0
129,0
129,0
129,0
129,0
129,0
129,0
129,0
129,0
129,0
129,0
130,0
129,0
130,0
129,0
129,0
129,0
129,0
129,0
129,0
129,0
129,0
129,0
129,0
129,0
129,0
129,0
129,0
129,0
129,0
129,0
129,0
129,0
129,0
129,0
129,0
129,0
129,0
129,0
129,0
129,0
129,0
129,0
129,0
129,0
128,0
130,0
129,0
130,0
129,0
130,0
129,0
129,0
129,0
129,0
129,0
129,0
129,0
129,0
129,0
129,0
129,0
129,0
129,0
129,0
129,0
129,0
129,0
129,0
129,0
129,0
129,0
129,0
129,0
129,0
129,0
129,0
129,0
129,0
130,0
129,0
130,0
129,0
130,0
129,0
129,0
129,0
129,0
129,0
129,0
129,0
129,0
129,0
129,0
129,0
129,0
129,0
129,0
129,0
129,0
129,0
129,0
129,0
129,0
129,0
129,0
129,0
129,0
129,0
129,0
129,0
129,0
129,0
129,0
129,0
129,0
129,0
129,0
130,0
129,0
129,0
129,0
129,0
129,0
129,0
129,0
129,0
129,0
129,0
129,0
129,0
129,0
129,0
129,0
129,0
129,0
129,0
129,0
129,0
129,0
129,0
129,0
129,0
129,0
129,0
129,0
130,0
129,0
130,0
129,0
130,0
129,0
130,0
129,0
129,0
129,0
129,0
129,0
129,0
129,0
129,0
129,0
129,0
129,0
129,0
129,0
129,0
129,0
129,0
129,0
129,0
129,0
129,0
129,0
129,0
129,0
129,0
129,0
129,0
129,0
129,0
129,0
129,0
129,0
129,0
129,0
129,0
129,0
129,0
129,0
129,0
129,0
129,0
129,0
129,0
129,0
129,0
130,0
129,0
129,0
129,0
129,0
129,0
129,0
129,0
129,0
129,0
129,0
129,0
129,0
129,0
129,0
129,0
129,0
129,0
129,0
129,0
129,0
129,0
129,0
129,0
129,0
130,0
129,0
130,0
129,0
129,0
129,0
129,0
129,0
129,0
129,0
129,0
129,0
129,0
129,0
129,0
129,0
129,0
129,0
129,0
129,0
129,0
129,0
129,0
129,0
129,0
129,0
129,0
129,0
129,0
129,0
129,0
129,0
129,0
129,0
129,0
129,0
129,0
129,0
129,0
129,0
130,0
129,0
129,0
129,0
129,0
129,0
129,0
129,0
129,0
129,0
129,0
129,0
129,0
129,0
129,0
129,0
129,0
129,0
129,0
129,0
129,0
129,0
129,0
129,0
129,0
129,0
129,0
129,0
129,0
129,0
129,0
129,0
129,0
129,0
128,0
129,0
129,0
129,0
129,0
129,0
129,0
129,0
129,0
129,0
129,0
129,0
129,0
129,0
129,0
129,0
129,0
129,0
129,0
129,0
129,0
129,0
129,0
129,0
129,0
129,0
129,0
129,0
129,0
129,0
129,0
129,0
129,0
129,0
129,0
129,0
130,0
129,0
130,0
129,0
129,0
129,0
129,0
129,0
129,0
129,0
129,0
129,0
129,0
129,0
129,0
129,0
129,0
129,0
129,0
129,0
129,0
129,0
129,0
129,0
129,0
129,0
129,0
129,0
129,0
129,0
129,0
129,0
129,0
129,0
129,0
129,0
129,0
129,0
129,0
129,0
129,0
129,0
129,0
129,0
129,0
129,0
129,0
129,0
129,0
129,0
129,0
129,0
129,0
129,0
129,0
129,0
129,0
129,0
129,0
129,0
129,0
129,0
129,0
129,0
129,0
129,0
129,0
129,0
129,0
129,0
129,0
129,0
129,0
129,0
129,0
130,0
128,0
130,0
129,0
129,0
129,0
129,0
129,0
129,0
129,0
129,0
129,0
129,0
129,0
129,0
129,0
129,0
129,0
129,0
129,0
129,0
129,0
129,0
129,0
129,0
129,0
129,0
129,0
129,0
129,0
129,0
129,0
129,0
129,0
129,0
129,0
129,0
129,0
129,0
129,0
130,0
128,0
130,0
129,0
129,0
129,0
129,0
129,0
129,0
129,0
129,0
129,0
129,0
129,0
129,0
129,0
129,0
129,0
129,0
129,0
129,0
129,0
129,0
129,0
129,0
129,0
129,0
129,0
129,0
129,0
129,0
129,0
129,0
129,0
129,0
129,0
129,0
129,0
129,0
129,0
129,0
129,0
129,0
129,0
129,0
129,0
129,0
129,0
129,0
129,0
129,0
129,0
129,0
129,0
129,0
129,0
129,0
129,0
129,0
129,0
129,0
129,0
129,0
129,0
129,0
129,0
129,0
129,0
129,0
129,0
129,0
129,0
129,0
129,0
129,0
129,0
129,0
129,0
129,0
129,0
129,0
129,0
129,0
129,0
129,0
129,0
129,0
129,0
129,0
129,0
129,0
129,0
129,0
129,0
129,0
129,0
129,0
129,0
129,0
129,0
129,0
129,0
129,0
129,0
129,0
129,0
129,0
129,0
129,0
129,0
129,0
129,0
129,0
129,0
129,0
129,0
129,0
129,0
129,0
129,0
129,0
129,0
129,0
129,0
129,0
129,0
129,0
129,0
129,0
129,0
129,0
129,0
129,0
129,0
129,0
129,0
129,0
129,0
129,0
129,0
129,0
129,0
129,0
129,0
129,0
129,0
129,0
129,0
129,0
129,0
129,0
129,0
129,0
129,0
129,0
129,0
129,0
129,0
129,0
129,0
129,0
129,0
129,0
129,0
129,0
129,0
129,0
129,0
129,0
129,0
129,0
129,0
129,0
129,0
129,0
129,0
129,0
129,0
129,0
129,0
129,0
129,0
129,0
129,0
129,0
129,0
129,0
129,0
129,0
129,0
129,0
129,0
129,0
129,0
129,0
129,0
129,0
129,0
129,0
129,0
129,0
129,0
129,0
129,0
129,0
129,0
129,0
129,0
129,0
129,0
129,0
129,0
129,0
129,0
129,0
129,0
129,0
129,0
129,0
129,0
129,0
129,0
129,0
129,0
129,0
129,0
129,0
129,0
129,0
129,0
129,0
129,0
129,0
129,0
129,0
129,0
129,0
129,0
129,0
129,0
129,0
129,0
129,0
129,0
129,0
129,0
129,0
129,0
129,0
129,0
129,0
129,0
129,0
129,0
129,0
130,0
129,0
129,0
129,0
129,0
129,0
129,0
129,0
129,0
129,0
129,0
129,0
129,0
129,0
129,0
129,0
129,0
129,0
129,0
129,0
129,0
129,0
129,0
129,0
129,0
129,0
129,0
129,0
129,0
129,0
129,0
129,0
129,0
129,0
129,0
129,0
129,0
129,0
129,0
129,0
129,0
129,0
129,0
129,0
129,0
129,0
129,0
129,0
129,0
129,0
129,0
129,0
129,0
129,0
129,0
129,0
129,0
129,0
129,0
129,0
129,0
129,0
129,0
129,0
129,0
129,0
129,0
129,0
129,0
129,0
129,0
129,0
129,0
129,0
129,0
129,0
129,0
129,0
129,0
129,0
129,0
129,0
129,0
129,0
129,0
129,0
129,0
129,0
129,0
129,0
129,0
129,0
129,0
129,0
129,0
129,0
129,0
129,0
129,0
129,0
129,0
129,0
129,0
129,0
129,0
129,0
130,0
129,0
129,0
129,0
129,0
129,0
129,0
129,0
129,0
129,0
129,0
129,0
129,0
129,0
129,0
129,0
129,0
129,0
129,0
129,0
129,0
129,0
129,0
129,0
129,0
129,0
129,0
129,0
129,0
129,0
129,0
129,0
129,0
129,0
129,0
129,0
129,0
129,0
129,0
129,0
129,0
129,0
129,0
129,0
129,0
129,0
129,0
129,0
130,0
129,0
129,0
129,0
129,0
129,0
129,0
129,0
129,0
129,0
129,0
129,0
129,0
129,0
129,0
129,0
129,0
129,0
129,0
129,0
129,0
129,0
129,0
129,0
129,0
129,0
129,0
129,0
129,0
129,0
129,0
129,0
129,0
129,0
129,0
129,0
129,0
129,0
129,0
129,0
129,0
129,0
129,0
129,0
129,0
129,0
129,0
129,0
129,0
130,0
129,0
129,0
129,0
129,0
129,0
129,0
129,0
129,0
129,0
129,0
129,0
129,0
129,0
129,0
129,0
129,0
129,0
129,0
129,0
129,0
129,0
129,0
129,0
129,0
129,0
129,0
129,0
129,0
129,0
129,0
129,0
129,0
129,0
129,0
129,0
129,0
129,0
129,0
129,0
129,0
129,0
129,0
129,0
129,0
129,0
129,0
129,0
129,0
129,0
129,0
129,0
129,0
129,0
129,0
129,0
129,0
129,0
129,0
129,0
129,0
129,0
129,0
129,0
129,0
129,0
129,0
129,0
129,0
129,0
129,0
129,0
129,0
129,0
129,0
129,0
129,0
129,0
129,0
129,0
129,0
129,0
129,0
129,0
129,0
129,0
130,0
129,0
129,0
129,0
129,0
129,0
129,0
129,0
129,0
129,0
129,0
129,0
129,0
129,0
129,0
129,0
129,0
129,0
129,0
129,0
129,0
128,0
130,0
129,0
128,0
131,0
126,0
131,0
128,0
129,0
129,0
129,0
130,0
128,0
130,0
128,0
129,0
129,0
129,0
129,0
129,0
129,0
129,0
130,0
129,0
129,0
129,0
129,0
129,0
129,0
129,0
129,0
129,0
129,0
129,0
129,0
129,0
129,0
129,0
129,0
129,0
129,0
129,0
128,0
130,0
129,0
127,0
132,0
126,0
131,0
128,0
128,0
131,0
127,0
130,0
130,0
128,0
130,0
127,0
131,0
127,0
131,0
127,0
131,0
128,0
130,0
131,0
126,0
132,0
129,0
126,0
134,0
127,0
126,0
136,0
122,0
132,0
130,0
128,0
129,0
130,0
132,0
122,0
138,0
123,0
130,0
131,0
129,0
128,0
130,0
131,0
125,0
133,0
129,0
128,0
128,0
136,0
118,0
139,0
125,0
124,0
140,0
115,0
141,0
120,0
133,0
132,0
119,0
144,0
115,0
137,0
130,0
120,0
144,0
112,0
145,0
118,0
132,0
134,0
119,0
138,0
124,0
132,0
125,0
135,0
123,0
131,0
134,0
118,0
143,0
117,0
139,0
122,0
134,0
127,0
128,0
132,0
125,0
133,0
128,0
128,0
131,0
128,0
129,0
132,0
124,0
134,0
124,0
134,0
126,0
129,0
131,0
127,0
130,0
128,0
130,0
129,0
128,0
130,0
129,0
127,0
135,0
121,0
137,0
123,0
133,0
128,0
129,0
131,0
127,0
132,0
126,0
132,0
128,0
130,0
129,0
129,0
129,0
128,0
130,0
129,0
128,0
133,0
123,0
135,0
126,0
129,0
132,0
126,0
132,0
126,0
134,0
124,0
131,0
130,0
127,0
129,0
132,0
125,0
128,0
135,0
121,0
133,0
131,0
124,0
134,0
129,0
128,0
129,0
132,0
123,0
132,0
133,0
121,0
139,0
125,0
127,0
135,0
122,0
134,0
127,0
129,0
131,0
128,0
128,0
131,0
128,0
129,0
131,0
131,0
124,0
136,0
121,0
131,0
134,0
117,0
141,0
119,0
136,0
125,0
132,0
129,0
123,0
140,0
116,0
136,0
131,0
119,0
143,0
118,0
131,0
137,0
116,0
144,0
119,0
131,0
132,0
126,0
130,0
130,0
130,0
122,0
138,0
120,0
133,0
132,0
121,0
135,0
130,0
122,0
139,0
122,0
128,0
137,0
119,0
137,0
124,0
132,0
129,0
125,0
139,0
116,0
144,0
116,0
137,0
125,0
129,0
134,0
121,0
140,0
117,0
138,0
126,0
129,0
131,0
131,0
124,0
139,0
117,0
141,0
117,0
137,0
126,0
125,0
138,0
121,0
133,0
130,0
127,0
128,0
132,0
128,0
130,0
131,0
131,0
125,0
132,0
128,0
126,0
130,0
134,0
118,0
144,0
117,0
135,0
132,0
122,0
140,0
115,0
146,0
115,0
136,0
129,0
122,0
136,0
126,0
126,0
136,0
123,0
134,0
130,0
124,0
133,0
125,0
131,0
127,0
132,0
129,0
125,0
135,0
124,0
131,0
131,0
130,0
128,0
132,0
126,0
135,0
124,0
131,0
129,0
127,0
130,0
128,0
132,0
126,0
133,0
131,0
123,0
136,0
127,0
128,0
131,0
127,0
129,0
126,0
138,0
115,0
145,0
112,0
141,0
122,0
131,0
131,0
126,0
134,0
124,0
135,0
122,0
135,0
124,0
135,0
121,0
135,0
131,0
119,0
144,0
115,0
134,0
134,0
120,0
141,0
119,0
141,0
119,0
134,0
128,0
124,0
133,0
128,0
132,0
124,0
139,0
118,0
137,0
131,0
116,0
146,0
111,0
144,0
119,0
134,0
130,0
122,0
140,0
120,0
135,0
125,0
132,0
127,0
126,0
135,0
122,0
133,0
129,0
127,0
129,0
129,0
131,0
126,0
132,0
129,0
127,0
129,0
131,0
127,0
132,0
128,0
132,0
124,0
135,0
123,0
133,0
129,0
122,0
141,0
119,0
139,0
122,0
138,0
122,0
131,0
134,0
119,0
141,0
124,0
124,0
139,0
117,0
134,0
133,0
117,0
143,0
116,0
133,0
135,0
116,0
145,0
118,0
131,0
138,0
115,0
144,0
123,0
125,0
140,0
116,0
135,0
131,0
119,0
141,0
121,0
127,0
138,0
116,0
140,0
128,0
123,0
140,0
120,0
130,0
134,0
120,0
134,0
132,0
120,0
141,0
118,0
132,0
136,0
117,0
143,0
123,0
127,0
140,0
114,0
145,0
121,0
126,0
141,0
113,0
143,0
126,0
123,0
143,0
114,0
137,0
132,0
118,0
144,0
117,0
131,0
136,0
115,0
143,0
123,0
126,0
139,0
116,0
137,0
131,0
121,0
143,0
119,0
130,0
137,0
116,0
145,0
118,0
131,0
139,0
112,0
150,1
113,1
132,1
137,1
114,1
146,1
120,1
126,1
140,1
113,1
145,1
121,1
130,1
140,1
110,1
153,1
107,1
143,1
131,1
116,1
151,1
106,1
145,1
126,1
120,1
144,1
114,1
135,1
131,1
119,1
144,1
116,1
135,1
134,1
116,1
150,1
108,1
145,1
127,1
119,1
148,1
108,1
143,1
127,1
125,1
135,1
124,1
131,1
126,1
138,1
115,1
144,1
116,1
133,1
136,1
113,1
148,1
112,1
137,1
133,1
118,1
143,1
121,1
129,1
139,1
116,1
142,1
126,1
123,1
144,1
111,1
145,1
123,1
124,1
143,1
107,1
151,1
112,1
133,1
138,1
109,1
152,1
107,1
139,1
134,1
116,1
145,1
120,1
130,1
137,1
118,1
137,1
130,1
121,1
145,1
112,1
145,1
122,1
124,1
145,1
108,1
149,1
121,1
125,1
141,1
117,1
134,1
132,1
122,1
134,1
132,1
121,1
140,1
123,1
126,1
137,1
118,1
135,1
132,1
122,1
138,1
127,1
125,1
141,1
115,1
142,1
126,1
121,1
144,1
113,1
138,1
130,1
120,1
146,1
114,1
135,1
133,1
121,1
139,1
121,1
136,1
119,1
142,1
118,1
133,1
137,1
112,1
148,1
114,1
132,1
136,1
116,1
141,1
126,1
126,1
138,1
119,1
133,1
135,1
117,1
145,1
115,1
132,1
138,1
114,1
147,1
118,1
130,1
136,1
118,1
133,1
133,1
120,1
141,1
122,1
126,1
141,1
112,1
147,1
116,1
134,1
131,1
122,1
141,1
111,1
146,1
120,1
127,1
140,1
110,1
147,1
118,1
128,1
141,1
110,1
151,1
111,1
136,1
137,1
108,1
158,1
100,1
153,1
119,1
121,1
147,1
104,1
152,1
118,1
126,1
141,1
112,1
140,1
128,1
121,1
142,1
117,1
132,1
135,1
114,1
147,1
112,1
136,1
135,1
112,1
150,1
109,1
138,1
134,1
115,1
148,1
115,1
133,1
136,1
113,1
148,1
113,1
137,1
133,1
113,1
151,1
105,1
149,1
121,1
122,1
148,1
104,1
155,1
108,1
139,1
134,1
111,1
154,1
101,1
148,1
126,1
120,1
147,1
113,1
135,1
131,1
121,1
137,1
129,1
120,1
142,1
115,1
139,1
130,1
116,1
148,1
107,1
148,1
123,1
120,1
147,1
105,1
151,1
119,1
124,1
144,1
107,1
151,1
115,1
131,1
142,1
109,1
153,1
107,1
142,1
129,1
114,1
152,1
102,1
156,1
111,1
134,1
139,1
108,1
157,1
98,1
154,1
113,1
129,1
143,1
103,1
158,1
103,1
143,1
131,1
113,1
152,1
104,1
147,1
124,1
120,1
148,1
105,1
151,1
117,1
127,1
144,1
107,1
154,1
108,1
138,1
135,1
111,1
153,1
106,1
141,1
129,1
119,1
141,1
124,1
125,1
138,1
118,1
136,1
132,1
116,1
148,1
108,1
148,1
120,1
126,1
147,1
103,1
158,1
102,1
145,1
125,1
117,1
152,1
99,1
157,1
112,1
130,1
142,1
108,1
148,1
121,1
127,1
140,1
112,1
142,1
125,1
121,1
144,1
108,1
153,1
111,1
138,1
134,1
112,1
154,1
99,1
154,1
114,1
130,1
141,1
104,1
158,1
100,1
152,1
116,1
128,1
144,1
102,1
159,1
97,1
155,1
116,1
127,1
147,1
103,1
162,1
100,1
149,1
126,1
117,1
152,1
97,1
158,1
106,1
138,1
134,1
110,1
157,1
98,1
157,1
112,1
129,1
145,1
104,1
158,1
105,1
140,1
135,1
111,1
153,1
102,1
149,1
120,1
122,1
148,1
103,1
159,1
106,1
142,1
134,1
110,1
154,1
106,1
140,1
131,1
115,1
148,1
115,1
132,1
137,1
113,1
150,1
112,1
136,1
137,1
110,1
152,1
110,1
134,1
136,1
111,1
149,1
114,1
130,1
139,1
109,1
149,1
116,1
128,1
141,1
108,1
148,1
121,1
125,1
143,1
111,1
141,1
130,1
120,1
145,1
116,1
131,1
138,1
114,1
148,1
116,1
133,1
140,1
110,1
153,1
105,1
142,1
131,1
112,1
153,1
99,1
153,1
116,1
126,1
145,1
104,1
159,1
101,1
149,1
120,1
121,1
149,1
98,1
159,1
104,1
139,1
135,1
107,1
156,1
100,1
150,1
123,1
117,1
151,1
102,1
153,1
118,1
123,1
147,1
105,1
153,1
117,1
125,1
143,1
108,1
148,1
121,1
122,1
144,1
109,1
144,1
126,1
118,1
146,1
108,1
144,1
127,1
116,1
148,1
105,1
146,1
125,1
118,1
148,1
107,1
143,1
127,1
116,1
149,1
105,1
148,1
121,1
125,1
147,1
103,1
157,1
103,1
143,1
132,1
110,1
156,1
98,1
159,1
110,1
137,1
138,1
110,1
156,1
95,1
159,1
105,1
143,1
128,1
118,1
152,1
97,1
161,1
97,1
149,1
125,1
113,1
155,1
93,1
161,1
106,1
134,1
141,1
104,1
161,1
99,1
147,1
129,1
114,1
155,1
101,1
149,1
126,1
118,1
149,1
108,1
140,1
131,1
115,1
147,1
114,1
131,1
138,1
110,1
149,1
114,1
129,1
141,1
107,1
151,1
118,1
127,1
143,1
107,1
148,1
121,1
123,1
145,1
107,1
146,1
126,1
121,1
147,1
110,1
140,1
133,1
116,1
149,1
113,1
132,1
137,1
114,1
144,1
124,1
121,1
144,1
110,1
144,1
125,1
121,1
149,1
104,1
155,1
108,1
137,1
139,1
106,1
158,1
98,1
156,1
114,1
133,1
142,1
105,1
160,1
93,1
157,1
110,1
130,1
144,1
99,1
162,1
98,1
148,1
128,1
112,1
156,1
97,1
158,1
111,1
132,1
144,1
102,1
160,1
95,1
154,1
117,1
123,1
151,1
98,1
165,1
100,1
146,1
132,1
111,1
159,1
96,1
158,1
114,1
126,1
147,1
100,1
159,1
104,1
140,1
134,1
107,1
157,1
99,1
152,1
119,1
125,1
149,1
100,1
161,1
98,1
147,1
127,1
112,1
156,1
95,1
162,1
106,1
138,1
139,1
106,1
161,1
94,1
158,1
113,1
127,1
146,1
97,1
162,1
99,1
147,1
128,1
114,1
157,1
96,1
161,1
104,1
142,1
128,1
115,1
155,1
94,1
162,1
107,1
132,1
143,1
104,1
154,1
117,1
128,1
141,1
110,1
144,1
126,1
119,1
147,1
106,1
152,1
114,1
131,1
143,1
105,1
160,1
96,1
154,1
114,1
129,1
141,1
108,1
160,1
95,1
160,1
103,1
141,1
135,1
105,1
161,1
92,1
158,1
119,1
122,1
149,1
99,1
154,1
114,1
127,1
144,1
105,1
153,1
118,1
126,1
144,1
109,1
143,1
130,1
119,1
147,1
114,1
132,1
139,1
112,1
150,1
117,1
126,1
142,1
109,1
148,1
122,1
120,1
147,1
106,1
150,1
119,1
127,1
147,1
103,1
158,1
102,1
146,1
124,1
118,1
152,1
98,1
164,1
99,1
149,1
127,1
116,1
152,1
98,1
164,1
97,1
155,1
112,1
132,1
139,1
103,1
162,1
93,1
164,1
103,1
145,1
129,1
114,1
155,1
91,1
166,1
96,1
152,1
125,1
112,1
158,1
93,1
160,1
115,1
126,1
145,1
108,1
146,1
123,1
121,1
145,1
107,1
150,1
113,1
134,1
135,1
109,1
156,1
97,1
156,1
114,1
125,1
148,1
99,1
159,1
109,1
132,1
141,1
111,1
143,1
123,1
126,1
137,1
128,1
119,1
144,1
111,1
140,1
131,1
114,1
151,1
106,1
142,1
132,1
116,1
147,1
117,1
129,1
142,1
110,1
148,1
120,1
124,1
146,1
107,1
147,1
125,1
120,1
145,1
119,1
130,1
138,1
117,1
134,1
137,1
115,1
148,1
115,1
131,1
142,1
109,1
154,1
109,1
136,1
140,1
108,1
156,1
105,1
142,1
136,1
110,1
155,1
100,1
149,1
126,1
116,1
152,1
98,1
155,1
114,1
125,1
146,1
103,1
159,1
105,1
141,1
136,1
110,1
159,1
100,1
151,1
125,1
118,1
153,1
102,1
152,1
121,1
123,1
148,1
102,1
155,1
110,1
132,1
141,1
104,1
156,1
104,1
138,1
137,1
110,1
153,1
110,1
134,1
139,1
111,1
149,1
119,1
126,1
145,1
108,1
148,1
123,1
120,1
147,1
108,1
140,1
131,1
115,1
147,1
118,1
127,1
141,1
109,1
147,1
121,1
122,1
146,1
104,1
151,1
121,1
122,1
147,1
103,1
151,1
117,1
124,1
144,1
111,1
143,1
123,1
127,1
131,1
134,1
116,1
144,1
117,1
130,1
140,1
113,1
142,1
128,1
122,1
141,1
122,1
126,1
139,1
118,1
131,1
136,1
118,1
138,1
130,1
122,1
137,1
127,1
128,1
131,1
131,1
122,1
138,1
123,1
132,1
130,1
120,1
146,1
109,1
149,1
120,1
126,1
144,1
102,1
158,1
102,1
149,1
121,1
124,1
150,1
98,1
160,1
106,1
136,1
136,1
113,1
141,1
127,1
123,1
138,1
124,1
131,1
129,1
136,1
117,1
147,1
114,1
139,1
133,1
119,1
140,1
119,1
136,1
122,1
136,1
130,1
122,1
144,1
114,1
134,1
138,1
113,1
149,1
115,1
132,1
140,1
111,1
152,1
108,1
140,1
135,1
112,1
153,1
103,1
147,1
123,1
119,1
150,1
100,1
157,1
109,1
131,1
142,1
106,1
157,1
106,1
140,1
134,1
114,1
152,1
100,1
153,1
110,1
136,1
137,1
105,1
157,1
100,1
152,1
121,1
119,1
150,1
102,1
156,1
113,1
128,1
143,1
107,1
152,1
116,1
127,1
142,1
110,1
149,1
115,1
134,1
137,1
109,1
153,1
107,1
140,1
130,1
122,1
135,1
132,1
124,1
134,1
135,1
115,1
145,1
122,1
126,1
140,1
117,1
133,1
132,1
121,1
137,1
130,1
119,1
142,1
113,1
141,1
128,1
117,1
148,1
106,1
150,1
120,1
123,1
147,1
105,1
153,1
111,1
135,1
139,1
109,1
154,1
101,1
149,1
121,1
120,1
149,1
102,1
159,1
106,1
142,1
133,1
113,1
155,1
97,1
156,1
109,1
135,1
136,1
111,1
157,1
98,1
158,1
108,1
142,1
128,1
121,1
150,1
100,1
162,1
98,1
151,1
121,1
119,1
151,1
96,1
160,1
103,1
142,1
131,1
113,1
157,1
97,1
160,1
106,1
143,1
127,1
120,1
151,1
98,1
159,1
108,1
133,1
139,1
109,1
149,1
120,1
127,1
139,1
114,1
141,1
128,1
120,1
145,1
113,1
136,1
133,1
117,1
145,1
118,1
131,1
141,1
112,1
150,1
109,1
139,1
133,1
112,1
153,1
101,1
154,1
113,1
132,1
141,1
107,1
158,1
98,1
154,1
114,1
129,1
143,1
102,1
158,1
101,1
146,1
129,1
112,1
152,1
102,1
149,1
123,1
119,1
146,1
107,1
147,1
122,1
122,1
146,1
107,1
149,1
122,1
126,1
139,1
125,1
127,1
139,1
118,1
137,1
132,1
117,1
149,1
107,1
148,1
121,1
123,1
147,1
106,1
148,1
123,1
123,1
147,1
108,1
149,1
119,1
127,1
144,1
109,1
150,1
120,1
126,1
144,1
107,1
150,1
115,1
132,1
137,1
108,1
153,1
105,1
145,1
129,1
117,1
148,1
113,1
134,1
132,1
124,1
128,1
135,1
121,1
132,1
137,1
116,1
143,1
122,1
124,1
139,1
116,1
136,1
132,1
122,1
140,1
124,1
126,1
141,1
115,1
143,1
125,1
123,1
145,1
110,1
146,1
125,1
121,1
144,1
112,1
137,1
132,1
119,1
141,1
126,1
125,1
138,1
121,1
128,1
135,1
120,1
132,1
135,1
117,1
143,1
118,1
131,1
138,1
111,1
148,1
112,1
136,1
135,1
111,1
150,1
109,1
139,1
132,1
113,1
148,1
111,1
138,1
132,1
114,1
146,1
113,1
138,1
131,1
114,1
150,1
108,1
146,1
120,1
130,1
137,1
108,1
155,1
101,1
153,1
117,1
123,1
147,1
103,1
155,1
111,1
131,1
140,1
110,1
150,1
114,1
129,1
139,1
112,1
145,1
123,1
123,1
141,1
111,1
143,1
124,1
120,1
146,1
107,1
149,1
118,1
124,1
145,1
106,1
150,1
118,1
124,1
143,1
109,1
146,1
123,1
121,1
144,1
109,1
144,1
124,1
119,1
146,1
108,1
146,1
126,1
119,1
146,1
107,1
145,1
125,1
119,1
146,1
109,1
152,1
113,1
137,1
135,1
112,1
152,1
98,1
155,1
110,1
135,1
139,1
105,1
155,1
104,1
142,1
133,1
116,1
146,1
117,1
131,1
137,1
115,1
143,1
121,1
125,1
143,1
109,1
148,1
119,1
126,1
145,1
110,1
147,1
122,1
124,1
145,1
111,1
145,1
126,1
121,1
145,1
113,1
137,1
133,1
117,1
146,1
116,1
131,1
139,1
113,1
145,1
123,1
123,1
141,1
115,1
137,1
137,1
113,1
145,1
125,1
121,1
145,1
113,1
135,1
135,1
119,1
141,1
122,1
128,1
143,1
112,1
148,1
111,1
137,1
136,1
108,1
154,1
106,1
141,1
134,1
116,1
144,1
122,1
127,1
135,1
125,1
125,1
141,1
118,1
135,1
135,1
116,1
147,1
113,1
137,1
135,1
115,1
149,1
112,1
137,1
135,1
113,1
147,1
115,1
129,1
138,1
113,1
144,1
122,1
123,1
143,1
112,1
143,1
129,1
119,1
144,1
113,1
138,1
135,1
115,1
147,1
111,1
139,1
133,1
112,1
150,1
109,1
139,1
134,1
117,1
142,1
124,1
127,1
135,1
127,1
122,1
140,1
120,1
128,1
140,1
114,1
142,1
127,1
120,1
143,1
115,1
137,1
135,1
119,1
142,1
121,1
125,1
138,1
118,1
135,1
135,1
121,1
138,1
130,1
120,1
143,1
117,1
131,1
138,1
114,1
145,1
118,1
127,1
140,1
111,1
146,1
119,1
124,1
143,1
110,1
145,1
127,1
121,1
144,1
113,1
138,1
135,1
116,1
146,1
114,1
134,1
139,1
113,1
148,1
112,1
144,1
123,1
125,1
147,1
104,1
158,1
101,1
148,1
123,1
118,1
151,1
98,1
157,1
108,1
136,1
133,1
114,1
157,1
98,1
157,1
108,1
142,1
130,1
115,1
155,1
98,1
161,1
99,1
148,1
125,1
118,1
146,1
109,1
150,1
102,1
158,1
105,1
149,1
122,1
122,1
151,1
103,1
155,1
102,1
158,1
108,1
141,1
128,1
123,1
141,1
115,1
149,1
106,1
151,1
106,1
152,1
115,1
136,1
130,1
118,1
148,1
98,1
159,1
105,1
146,1
115,1
138,1
127,1
126,1
142,1
108,1
159,1
99,1
153,1
113,1
131,1
146,1
102,1
158,1
100,1
146,1
130,1
112,1
151,1
104,1
153,1
108,1
141,1
128,1
116,1
148,1
113,1
143,1
119,1
144,1
113,1
141,1
119,1
142,1
118,1
138,1
121,1
129,1
139,1
104,1
156,1
103,1
152,1
115,1
135,1
137,1
108,1
157,1
92,1
160,1
107,1
138,1
138,1
103,1
159,1
99,1
152,1
121,1
118,1
151,1
104,1
152,1
118,1
125,1
146,1
109,1
149,1
119,1
124,1
144,1
110,1
147,1
119,1
129,1
145,1
107,1
152,1
108,1
144,1
126,1
119,1
152,1
101,1
160,1
106,1
139,1
138,1
108,1
155,1
105,1
141,1
132,1
119,1
147,1
104,1
150,1
113,1
132,1
142,1
105,1
154,1
111,1
133,1
138,1
108,1
150,1
111,1
138,1
133,1
110,1
151,1
107,1
143,1
124,1
124,1
144,1
102,1
158,1
101,1
150,1
122,1
117,1
153,1
99,1
162,1
103,1
145,1
131,1
112,1
156,1
95,1
158,1
110,1
130,1
145,1
104,1
155,1
111,1
133,1
139,1
115,1
138,1
132,1
113,1
147,1
115,1
133,1
138,1
117,1
136,1
131,1
122,1
137,1
128,1
120,1
142,1
117,1
132,1
137,1
118,1
140,1
127,1
124,1
137,1
126,1
122,1
137,1
124,1
124,1
142,1
108,1
148,1
116,1
132,1
141,1
111,1
147,1
121,1
127,1
141,1
115,1
138,1
132,1
118,1
141,1
129,1
121,1
145,1
116,1
133,1
140,1
112,1
144,1
126,1
127,1
136,1
126,1
122,1
140,1
118,1
135,1
135,1
116,1
144,1
120,1
128,1
140,1
116,1
137,1
132,1
120,1
146,1
112,1
143,1
127,1
119,1
148,1
101,1
153,1
112,1
131,1
142,1
103,1
155,1
106,1
141,1
132,1
110,1
153,1
104,1
148,1
125,1
117,1
150,1
106,1
148,1
117,1
132,1
137,1
107,1
155,1
102,1
155,1
112,1
135,1
138,1
106,1
157,1
102,1
144,1
131,1
117,1
151,1
109,1
141,1
131,1
118,1
147,1
104,1
149,1
116,1
129,1
142,1
102,1
158,1
104,1
145,1
129,1
112,1
155,1
101,1
153,1
113,1
132,1
140,1
102,1
159,1
98,1
154,1
118,1
121,1
151,1
100,1
162,1
104,1
141,1
135,1
110,1
156,1
99,1
153,1
118,1
123,1
147,1
100,1
156,1
108,1
137,1
134,1
111,1
158,1
99,1
155,1
111,1
133,1
142,1
101,1
159,1
102,1
148,1
117,1
145,1
119,1
135,1
130,1
124,1
139,1
118,1
146,1
107,1
153,1
102,1
147,1
121,1
122,1
149,1
97,1
159,1
103,1
143,1
132,1
108,1
155,1
103,1
147,1
126,1
115,1
150,1
106,1
144,1
129,1
119,1
143,1
121,1
126,1
135,1
127,1
123,1
139,1
120,1
129,1
140,1
116,1
143,1
126,1
119,1
145,1
113,1
140,1
130,1
117,1
145,1
113,1
135,1
135,1
114,1
146,1
118,1
128,1
142,1
113,1
142,1
129,1
120,1
145,1
114,1
134,1
137,1
114,1
149,1
113,1
133,1
139,1
111,1
152,1
111,1
135,1
139,1
114,1
143,1
125,1
129,1
132,1
133,1
124,1
134,1
135,1
117,1
140,1
129,1
122,1
141,1
119,1
128,1
143,1
114,1
142,1
126,1
121,1
141,1
118,1
131,1
136,1
120,1
134,1
134,1
117,1
141,1
122,1
123,1
142,1
110,1
144,1
124,1
119,1
146,1
110,1
141,1
132,1
119,1
143,1
122,1
124,1
138,1
119,1
132,1
138,1
118,1
139,1
130,1
118,1
141,1
123,1
124,1
139,1
117,1
135,1
137,1
118,1
142,1
123,1
122,1
141,1
115,1
137,1
134,1
118,1
142,1
122,1
126,1
143,1
113,1
143,1
127,1
120,1
146,1
112,1
136,1
134,1
116,1
144,1
122,1
124,1
141,1
113,1
141,1
129,1
117,1
146,1
110,1
141,1
133,1
115,1
147,1
108,1
142,1
129,1
113,1
151,1
105,1
145,1
131,1
116,1
148,1
113,1
132,1
136,1
118,1
139,1
130,1
118,1
142,1
120,1
128,1
141,1
115,1
141,1
129,1
119,1
142,1
119,1
128,1
139,1
115,1
141,1
130,1
119,1
144,1
116,1
132,1
138,1
116,1
144,1
123,1
121,1
143,1
113,1
140,1
131,1
117,1
145,1
116,1
131,1
140,1
115,1
143,1
127,1
122,1
145,1
113,1
139,1
133,1
116,1
147,1
113,1
133,1
138,1
112,1
146,1
120,1
124,1
142,1
112,1
142,1
131,1
119,1
144,1
116,1
131,1
139,1
116,1
143,1
124,1
120,1
142,1
114,1
136,1
135,1
115,1
144,1
120,1
126,1
142,1
114,1
139,1
132,1
117,1
144,1
119,1
126,1
141,1
114,1
141,1
132,1
119,1
144,1
118,1
128,1
140,1
115,1
142,1
126,1
119,1
143,1
114,1
136,1
134,1
114,1
146,1
115,1
131,1
141,1
113,1
145,1
123,1
122,1
142,1
116,1
131,1
137,1
116,1
141,1
130,1
119,1
143,1
117,1
130,1
139,1
116,1
143,1
126,1
121,1
141,1
117,1
133,1
137,1
117,1
141,1
127,1
122,1
144,1
115,1
135,1
135,1
114,1
146,1
117,1
128,1
140,1
111,1
145,1
124,1
120,1
144,1
111,1
141,1
133,1
116,1
147,1
114,1
133,1
139,1
114,1
144,1
124,1
123,1
140,1
120,1
128,1
137,1
120,1
131,1
138,1
119,1
135,1
134,1
121,1
136,1
131,1
121,1
138,1
129,1
120,1
137,1
131,1
122,1
137,1
129,1
124,1
137,1
131,1
119,1
140,1
130,1
119,1
143,1
120,1
124,1
142,1
116,1
135,1
138,1
117,1
141,1
128,1
120,1
139,1
125,1
124,1
139,1
122,1
127,1
138,1
119,1
135,1
136,1
119,1
139,1
129,1
119,1
139,1
126,1
122,1
139,1
122,1
126,1
136,1
122,1
129,1
138,1
120,1
129,1
139,1
120,1
130,1
134,1
123,1
130,1
138,1
119,1
131,1
139,1
114,1
141,1
132,1
116,1
145,1
118,1
126,1
140,1
117,1
137,1
134,1
122,1
137,1
129,1
121,1
137,1
130,1
122,1
140,1
122,1
124,1
141,1
116,1
140,1
129,1
116,1
148,1
109,1
143,1
129,1
119,1
144,1
118,1
129,1
135,1
123,1
127,1
138,1
120,1
132,1
138,1
117,1
140,1
129,1
120,1
140,1
124,1
124,1
140,1
118,1
132,1
137,1
115,1
144,1
119,1
126,1
142,1
112,1
144,1
127,1
121,1
143,1
115,1
134,1
137,1
116,1
142,1
125,1
121,1
140,1
119,1
131,1
139,1
117,1
138,1
131,1
118,1
144,1
117,1
129,1
140,1
112,1
147,1
118,1
125,1
144,1
112,1
142,1
129,1
123,1
138,1
127,1
122,1
138,1
123,1
125,1
144,1
113,1
143,1
127,1
119,1
146,1
112,1
137,1
133,1
116,1
144,1
122,1
125,1
140,1
114,1
139,1
134,1
116,1
147,1
114,1
133,1
139,1
115,1
146,1
122,1
122,1
142,1
114,1
139,1
132,1
115,1
145,1
114,1
135,1
136,1
110,1
149,1
111,1
135,1
138,1
111,1
149,1
116,1
129,1
143,1
112,1
144,1
126,1
121,1
147,1
111,1
142,1
130,1
115,1
149,1
111,1
135,1
136,1
114,1
145,1
123,1
122,1
142,1
114,1
137,1
137,1
116,1
146,1
118,1
127,1
142,1
113,1
143,1
126,1
119,1
143,1
114,1
134,1
137,1
115,1
144,1
124,1
123,1
144,1
113,1
139,1
133,1
117,1
148,1
114,1
133,1
139,1
111,1
150,1
114,0
129,0
142,0
111,0
146,0
127,0
122,0
142,0
118,0
130,0
139,0
116,0
142,0
125,0
119,0
143,0
113,0
137,0
135,0
118,0
143,0
124,0
125,0
142,0
115,0
137,0
134,0
115,0
144,0
119,0
126,0
141,0
113,0
142,0
131,0
119,0
145,0
116,0
130,0
140,0
114,0
144,0
124,0
121,0
142,0
116,0
134,0
137,0
118,0
141,0
128,0
119,0
142,0
119,0
126,0
140,0
115,0
140,0
132,0
117,0
145,0
115,0
131,0
138,0
116,0
142,0
127,0
120,0
141,0
118,0
131,0
138,0
112,0
146,0
118,0
127,0
144,0
110,0
148,0
122,0
124,0
146,0
111,0
143,0
130,0
119,0
148,0
112,0
138,0
135,0
114,0
149,0
113,0
132,0
139,0
111,0
148,0
118,0
125,0
142,0
110,0
145,0
127,0
119,0
145,0
111,0
140,0
135,0
115,0
147,0
113,0
132,0
140,0
113,0
147,0
119,0
123,0
142,0
112,0
141,0
130,0
116,0
145,0
115,0
132,0
140,0
113,0
145,0
123,0
123,0
143,0
114,0
135,0
135,0
114,0
145,0
120,0
124,0
142,0
111,0
143,0
129,0
118,0
146,0
112,0
135,0
138,0
115,0
144,0
123,0
122,0
140,0
118,0
132,0
139,0
118,0
140,0
130,0
119,0
144,0
116,0
131,0
138,0
113,0
145,0
121,0
123,0
143,0
113,0
141,0
133,0
118,0
145,0
117,0
127,0
139,0
116,0
140,0
129,0
116,0
144,0
114,0
133,0
138,0
113,0
146,0
121,0
124,0
142,0
115,0
135,0
134,0
117,0
142,0
126,0
120,0
143,0
115,0
134,0
138,0
116,0
143,0
123,0
121,0
141,0
115,0
135,0
135,0
115,0
144,0
119,0
127,0
142,0
114,0
141,0
130,0
117,0
143,0
119,0
125,0
140,0
115,0
138,0
135,0
117,0
144,0
120,0
123,0
141,0
115,0
138,0
133,0
118,0
143,0
122,0
126,0
143,0
114,0
141,0
130,0
118,0
145,0
115,0
131,0
138,0
113,0
144,0
124,0
121,0
143,0
113,0
137,0
136,0
116,0
145,0
118,0
125,0
142,0
114,0
143,0
127,0
117,0
146,0
111,0
140,0
133,0
114,0
147,0
114,0
132,0
138,0
117,0
137,0
133,0
120,0
138,0
131,0
119,0
142,0
119,0
126,0
142,0
114,0
142,0
128,0
119,0
142,0
118,0
130,0
140,0
116,0
140,0
130,0
118,0
143,0
118,0
128,0
140,0
116,0
137,0
134,0
120,0
140,0
126,0
120,0
141,0
118,0
132,0
140,0
117,0
141,0
129,0
118,0
143,0
118,0
128,0
139,0
114,0
142,0
127,0
119,0
145,0
112,0
138,0
136,0
116,0
146,0
119,0
124,0
140,0
115,0
138,0
133,0
117,0
142,0
121,0
126,0
142,0
115,0
138,0
133,0
115,0
144,0
120,0
125,0
141,0
116,0
136,0
135,0
119,0
141,0
125,0
120,0
142,0
115,0
135,0
137,0
116,0
143,0
123,0
123,0
141,0
116,0
132,0
136,0
116,0
141,0
128,0
119,0
143,0
116,0
131,0
139,0
116,0
142,0
126,0
118,0
143,0
115,0
134,0
138,0
115,0
144,0
124,0
122,0
142,0
117,0
131,0
138,0
115,0
142,0
129,0
119,0
144,0
116,0
133,0
139,0
116,0
144,0
122,0
121,0
143,0
113,0
139,0
132,0
116,0
144,0
117,0
130,0
141,0
115,0
140,0
131,0
117,0
142,0
120,0
124,0
141,0
113,0
141,0
132,0
117,0
146,0
114,0
133,0
139,0
115,0
145,0
121,0
122,0
141,0
116,0
135,0
137,0
118,0
141,0
128,0
119,0
142,0
118,0
128,0
140,0
114,0
142,0
130,0
118,0
144,0
116,0
129,0
137,0
118,0
138,0
132,0
117,0
142,0
119,0
128,0
143,0
114,0
142,0
129,0
119,0
144,0
116,0
130,0
139,0
113,0
144,0
125,0
120,0
145,0
113,0
138,0
136,0
117,0
144,0
121,0
123,0
140,0
116,0
135,0
137,0
117,0
141,0
127,0
120,0
142,0
117,0
129,0
139,0
114,0
142,0
127,0
118,0
145,0
113,0
137,0
137,0
116,0
146,0
118,0
126,0
141,0
114,0
141,0
129,0
117,0
144,0
116,0
132,0
139,0
116,0
141,0
130,0
118,0
142,0
121,0
124,0
141,0
115,0
138,0
135,0
116,0
145,0
119,0
125,0
140,0
116,0
137,0
134,0
119,0
141,0
125,0
121,0
140,0
120,0
127,0
140,0
115,0
140,0
133,0
117,0
144,0
119,0
126,0
138,0
118,0
134,0
137,0
119,0
138,0
131,0
118,0
143,0
118,0
128,0
141,0
114,0
142,0
129,0
120,0
143,0
118,0
128,0
140,0
116,0
140,0
128,0
117,0
143,0
116,0
133,0
139,0
117,0
141,0
129,0
119,0
143,0
118,0
128,0
140,0
114,0
141,0
131,0
119,0
144,0
118,0
127,0
139,0
116,0
138,0
132,0
118,0
142,0
122,0
125,0
143,0
115,0
137,0
134,0
115,0
144,0
118,0
126,0
141,0
114,0
141,0
133,0
118,0
144,0
119,0
125,0
140,0
116,0
137,0
135,0
118,0
141,0
125,0
121,0
141,0
119,0
128,0
139,0
118,0
134,0
135,0
119,0
137,0
131,0
118,0
141,0
123,0
122,0
142,0
117,0
131,0
138,0
116,0
140,0
130,0
117,0
145,0
115,0
132,0
139,0
115,0
143,0
123,0
120,0
142,0
115,0
136,0
136,0
115,0
145,0
120,0
126,0
142,0
114,0
139,0
132,0
116,0
142,0
123,0
123,0
141,0
116,0
134,0
138,0
116,0
143,0
123,0
120,0
142,0
114,0
136,0
136,0
116,0
143,0
122,0
124,0
141,0
117,0
132,0
136,0
122,0
129,0
132,0
125,0
127,0
143,0
111,0
145,0
125,0
119,0
150,1
108,1
146,0
126,0
119,0
147,0
111,0
139,0
133,0
117,0
143,0
124,0
122,0
142,0
117,0
131,0
139,0
116,0
139,0
130,0
118,0
142,0
121,0
126,0
142,0
117,0
136,0
135,0
116,0
141,0
127,0
121,0
142,0
119,0
128,0
139,0
117,0
137,0
133,0
116,0
143,0
120,0
127,0
142,0
116,0
137,0
133,0
117,0
142,0
124,0
122,0
142,0
117,0
132,0
138,0
116,0
139,0
130,0
119,0
141,0
122,0
124,0
141,0
118,0
132,0
138,0
114,0
142,0
126,0
119,0
144,0
114,0
136,0
138,0
116,0
145,0
120,0
123,0
143,0
113,0
140,0
131,0
117,0
144,0
118,0
129,0
141,0
116,0
140,0
131,0
117,0
142,0
123,0
123,0
141,0
117,0
132,0
138,0
116,0
140,0
128,0
119,0
141,0
121,0
127,0
142,0
116,0
136,0
134,0
115,0
143,0
121,0
123,0
143,0
113,0
141,0
133,0
117,0
145,0
116,0
130,0
140,0
114,0
143,0
125,0
119,0
142,0
116,0
134,0
138,0
117,0
139,0
130,0
117,0
142,0
121,0
124,0
142,0
114,0
138,0
135,0
116,0
144,0
120,0
124,0
140,0
117,0
134,0
137,0
117,0
141,0
127,0
120,0
144,0
116,0
132,0
138,0
116,0
141,0
130,0
120,0
142,0
119,0
128,0
142,0
114,0
142,0
126,0
117,0
144,0
114,0
134,0
131,0
130,0
123,0
135,0
128,0
118,0
145,0
114,0
134,0
141,0
115,0
140,0
131,0
117,0
141,0
127,0
120,0
142,0
119,0
128,0
141,0
115,0
139,0
131,0
119,0
140,0
125,0
122,0
137,0
128,0
121,0
140,0
123,0
123,0
140,0
118,0
131,0
141,0
116,0
138,0
134,0
114,0
142,0
124,0
121,0
143,0
117,0
132,0
138,0
118,0
138,0
130,0
118,0
142,0
120,0
128,0
142,0
116,0
139,0
132,0
116,0
143,0
120,0
125,0
141,0
117,0
133,0
136,0
120,0
136,0
133,0
122,0
133,0
136,0
117,0
138,0
134,0
117,0
143,0
123,0
120,0
143,0
116,0
131,0
141,0
115,0
140,0
130,0
118,0
145,0
116,0
132,0
138,0
112,0
145,0
121,0
123,0
143,0
113,0
140,0
135,0
117,0
143,0
122,0
123,0
140,0
118,0
132,0
140,0
116,0
141,0
128,0
118,0
143,0
117,0
128,0
140,0
115,0
139,0
133,0
118,0
143,0
120,0
123,0
140,0
116,0
135,0
137,0
118,0
141,0
127,0
119,0
141,0
121,0
124,0
141,0
116,0
136,0
137,0
116,0
144,0
122,0
120,0
143,0
114,0
137,0
134,0
115,0
144,0
120,0
127,0
143,0
114,0
140,0
131,0
117,0
146,0
114,0
131,0
140,0
111,0
147,0
120,0
122,0
145,0
111,0
143,0
132,0
118,0
146,0
116,0
128,0
140,0
115,0
141,0
128,0
117,0
144,0
116,0
132,0
140,0
115,0
142,0
128,0
119,0
141,0
121,0
124,0
141,0
116,0
134,0
138,0
116,0
142,0
125,0
119,0
142,0
117,0
131,0
138,0
119,0
133,0
136,0
117,0
139,0
132,0
118,0
143,0
120,0
123,0
141,0
116,0
135,0
137,0
118,0
139,0
129,0
118,0
141,0
120,0
125,0
142,0
116,0
136,0
135,0
118,0
141,0
126,0
118,0
143,0
116,0
133,0
139,0
113,0
145,0
121,0
124,0
143,0
115,0
136,0
135,0
117,0
141,0
128,0
121,0
142,0
120,0
125,0
139,0
118,0
134,0
137,0
119,0
136,0
134,0
116,0
140,0
129,0
119,0
144,0
119,0
126,0
140,0
116,0
136,0
136,0
117,0
141,0
127,0
121,0
138,0
130,0
122,0
139,0
124,0
120,0
145,0
112,0
139,0
134,0
112,0
146,0
115,0
131,0
141,0
115,0
143,0
126,0
120,0
143,0
117,0
130,0
139,0
114,0
142,0
130,0
118,0
144,0
117,0
128,0
139,0
116,0
139,0
131,0
118,0
141,0
123,0
123,0
142,0
116,0
133,0
137,0
113,0
143,0
125,0
121,0
144,0
113,0
139,0
136,0
114,0
148,0
114,0
131,0
141,0
113,0
145,0
123,0
122,0
141,0
118,0
131,0
139,0
117,0
137,0
134,0
116,0
141,0
126,0
121,0
142,0
119,0
127,0
138,0
118,0
135,0
137,0
118,0
139,0
130,0
117,0
141,0
125,0
122,0
142,0
120,0
126,0
139,0
118,0
133,0
139,0
114,0
143,0
126,0
119,0
144,0
115,0
132,0
138,0
116,0
140,0
132,0
120,0
142,0
121,0
124,0
141,0
116,0
137,0
135,0
120,0
135,0
133,0
118,0
139,0
130,0
118,0
145,0
115,0
134,0
141,0
111,0
148,0
116,0
128,0
143,0
112,0
146,0
122,0
120,0
143,0
113,0
137,0
135,0
116,0
144,0
123,0
123,0
143,0
116,0
132,0
138,0
115,0
141,0
130,0
119,0
142,0
120,0
125,0
138,0
119,0
129,0
136,0
123,0
124,0
140,0
118,0
133,0
141,0
113,0
144,0
126,0
118,0
143,0
117,0
130,0
141,0
116,0
140,0
131,0
117,0
143,0
119,0
126,0
141,0
116,0
136,0
136,0
118,0
140,0
127,0
120,0
141,0
121,0
126,0
141,0
117,0
133,0
137,0
117,0
139,0
133,0
119,0
140,0
125,0
121,0
141,0
120,0
128,0
141,0
117,0
134,0
136,0
119,0
133,0
133,0
124,0
132,0
137,0
118,0
134,0
138,0
112,0
144,0
127,0
118,0
146,0
115,0
134,0
140,0
114,0
143,0
123,0
122,0
139,0
118,0
133,0
135,0
114,0
144,0
118,0
129,0
141,0
108,1
149,1
115,1
129,1
143,1
107,1
151,1
116,1
127,1
145,1
108,1
149,0
122,0
122,0
146,0
112,0
138,0
134,0
115,0
143,0
124,0
122,0
142,0
117,0
133,0
138,0
116,0
141,0
126,0
120,0
141,0
119,0
130,0
139,0
118,0
137,0
133,0
117,0
141,0
124,0
122,0
142,0
118,0
131,0
138,0
118,0
138,0
131,0
118,0
142,0
122,0
125,0
141,0
118,0
131,0
137,0
117,0
139,0
133,0
119,0
142,0
121,0
123,0
140,0
117,0
135,0
135,0
118,0
140,0
124,0
124,0
140,0
119,0
131,0
137,0
117,0
139,0
129,0
120,0
142,0
118,0
129,0
138,0
117,0
138,0
131,0
119,0
141,0
122,0
126,0
141,0
117,0
135,0
135,0
116,0
141,0
127,0
122,0
141,0
118,0
129,0
139,0
118,0
138,0
131,0
118,0
140,0
122,0
127,0
141,0
118,0
136,0
134,0
117,0
141,0
121,0
125,0
140,0
116,0
139,0
132,0
118,0
142,0
118,0
131,0
140,0
117,0
144,0
122,0
123,0
142,0
115,0
139,0
130,0
116,0
143,0
117,0
130,0
140,0
117,0
140,0
129,0
120,0
142,0
119,0
130,0
139,0
115,0
139,0
130,0
118,0
141,0
121,0
127,0
141,0
118,0
138,0
130,0
117,0
140,0
121,0
129,0
140,0
120,0
136,0
134,0
120,0
136,0
132,0
120,0
139,0
124,0
122,0
140,0
118,0
132,0
138,0
116,0
140,0
126,0
121,0
144,0
116,0
139,0
132,0
118,0
146,0
115,0
136,0
135,0
115,0
145,0
117,0
128,0
140,0
114,0
141,0
125,0
119,0
143,0
114,0
138,0
135,0
116,0
144,0
119,0
128,0
141,0
117,0
138,0
130,0
118,0
139,0
123,0
126,0
142,0
119,0
134,0
136,0
116,0
139,0
125,0
120,0
142,0
119,0
131,0
139,0
118,0
137,0
130,0
116,0
140,0
121,0
127,0
141,0
117,0
138,0
132,0
118,0
143,0
119,0
130,0
139,0
115,0
144,0
120,0
125,0
142,0
112,0
144,0
123,0
121,0
143,0
112,0
140,0
133,0
117,0
143,0
118,0
129,0
141,0
116,0
140,0
127,0
118,0
140,0
119,0
130,0
139,0
118,0
138,0
131,0
118,0
140,0
121,0
125,0
141,0
117,0
137,0
135,0
118,0
140,0
125,0
121,0
138,0
121,0
128,0
141,0
117,0
138,0
131,0
118,0
143,0
120,0
128,0
139,0
117,0
138,0
132,0
118,0
140,0
123,0
124,0
142,0
118,0
136,0
133,0
115,0
141,0
120,0
127,0
141,0
115,0
141,0
127,0
121,0
143,0
117,0
135,0
136,0
116,0
141,0
122,0
122,0
142,0
116,0
137,0
136,0
117,0
142,0
122,0
123,0
140,0
119,0
133,0
137,0
117,0
139,0
127,0
121,0
144,0
118,0
134,0
136,0
116,0
142,0
121,0
124,0
141,0
120,0
130,0
134,0
124,0
129,0
140,0
116,0
138,0
131,0
115,0
142,0
123,0
123,0
139,0
125,0
123,0
137,0
125,0
124,0
145,0
117,0
133,0
140,0
112,0
142,0
124,0
119,0
142,0
115,0
136,0
135,0
116,0
142,0
119,0
130,0
141,0
116,0
141,0
126,0
119,0
140,0
121,0
130,0
139,0
121,0
131,0
138,0
118,0
135,0
136,0
116,0
140,0
127,0
119,0
139,0
123,0
124,0
141,0
122,0
125,0
143,0
120,0
128,0
139,0
120,0
132,0
139,0
118,0
134,0
137,0
114,0
139,0
132,0
115,0
142,0
124,0
120,0
140,0
121,0
127,0
142,0
119,0
131,0
139,0
115,0
137,0
133,0
116,0
141,0
123,0
124,0
142,0
118,0
135,0
134,0
116,0
140,0
123,0
125,0
143,0
118,0
137,0
133,0
117,0
141,0
122,0
123,0
140,0
118,0
135,0
137,0
116,0
141,0
123,0
123,0
143,0
117,0
138,0
131,0
116,0
141,0
119,0
129,0
140,0
117,0
139,0
130,0
120,0
143,0
119,0
130,0
139,0
114,0
142,0
123,0
121,0
143,0
114,0
139,0
132,0
116,0
143,0
117,0
132,0
141,0
115,0
143,0
123,0
122,0
144,0
115,0
139,0
131,0
116,0
142,0
119,0
129,0
141,0
119,0
137,0
133,0
117,0
138,0
127,0
120,0
140,0
124,0
123,0
138,0
123,0
128,0
141,0
120,0
130,0
141,0
116,0
136,0
137,0
116,0
141,0
127,0
118,0
142,0
120,0
129,0
141,0
119,0
135,0
135,0
116,0
139,0
125,0
120,0
142,0
118,0
134,0
139,0
117,0
139,0
126,0
119,0
139,0
122,0
128,0
141,0
119,0
135,0
136,0
116,0
139,0
128,0
119,0
141,0
122,0
126,0
141,0
119,0
135,0
135,0
115,0
140,0
124,0
124,0
143,0
119,0
134,0
136,0
117,0
137,0
129,0
118,0
140,0
122,0
125,0
141,0
119,0
133,0
137,0
118,0
138,0
130,0
118,0
140,0
124,0
121,0
142,0
120,0
130,0
141,0
118,0
137,0
131,0
115,0
141,0
122,0
126,0
142,0
118,0
136,0
135,0
117,0
138,0
128,0
119,0
141,0
121,0
127,0
142,0
117,0
137,0
132,0
116,0
140,0
122,0
125,0
142,0
118,0
137,0
133,0
116,0
139,0
126,0
121,0
140,0
123,0
126,0
141,0
119,0
134,0
135,0
114,0
141,0
123,0
125,0
143,0
118,0
136,0
135,0
120,0
134,0
135,0
122,0
132,0
136,0
118,0
137,0
133,0
115,0
139,0
131,0
117,0
140,0
126,0
118,0
141,0
121,0
125,0
145,0
116,0
137,0
136,0
116,0
138,0
132,0
121,0
135,0
131,0
117,0
140,0
125,0
121,0
145,0
119,0
128,0
140,0
116,0
136,0
135,0
115,0
143,0
120,0
129,0
143,0
114,0
144,0
119,0
129,0
143,0
112,0
144,0
123,0
122,0
139,0
127,0
118,0
147,0
115,0
135,0
137,0
120,0
132,0
137,0
118,0
135,0
132,0
113,0
146,0
117,0
133,0
140,0
115,0
143,0
121,0
125,0
142,0
117,0
139,0
129,0
117,0
143,0
116,0
135,0
135,0
112,0
145,0
115,0
131,0
139,0
114,0
143,0
124,0
123,0
142,0
119,0
132,0
138,0
116,0
141,0
123,0
121,0
144,0
115,0
137,0
136,0
119,0
140,0
124,0
123,0
144,0
117,0
137,0
132,0
117,0
140,0
121,0
126,0
141,0
117,0
139,0
128,0
119,0
145,0
112,0
141,0
128,0
117,0
148,0
109,1
144,1
127,1
119,1
148,1
112,1
140,1
133,1
117,1
142,1
120,1
125,1
140,1
117,1
137,1
135,1
116,1
142,1
121,1
126,1
142,1
117,1
138,1
131,1
117,1
140,1
122,1
125,1
142,1
118,1
137,1
133,1
117,1
145,1
117,1
129,1
142,1
105,1
151,1
114,1
132,1
141,1
110,1
147,1
118,1
128,1
139,1
114,1
143,1
124,1
123,1
142,1
117,1
132,1
137,1
117,1
139,1
128,1
117,1
144,1
117,1
135,1
139,1
116,1
143,1
122,1
126,1
144,1
115,1
142,1
126,1
119,1
141,1
118,1
132,1
138,1
121,1
135,1
135,1
119,1
136,1
134,1
118,1
137,1
130,1
121,1
137,1
131,1
116,1
140,1
128,1
117,1
144,1
121,1
125,1
144,1
116,1
136,1
135,1
114,1
141,1
123,1
125,1
143,1
118,1
137,1
132,1
118,1
143,1
119,1
130,1
139,1
114,1
142,1
123,1
121,1
143,1
116,1
137,1
136,1
117,1
141,1
122,1
125,1
143,1
116,1
140,1
127,1
118,1
144,1
115,1
139,1
131,1
114,1
146,1
114,1
135,1
133,1
124,1
128,1
136,1
125,1
126,1
146,1
112,1
142,1
128,1
115,1
146,1
115,1
135,1
135,1
115,1
141,1
121,1
127,1
141,1
118,1
138,1
132,1
119,1
143,1
119,1
130,1
140,1
113,1
142,1
122,1
121,1
142,1
117,1
136,1
137,1
119,1
138,1
129,1
121,1
136,1
128,1
120,1
137,1
131,1
119,1
139,1
127,1
117,1
143,1
119,1
128,1
143,1
116,1
137,1
135,1
115,1
138,1
131,1
115,1
148,1
118,1
125,1
148,1
100,1
152,1
114,1
137,1
131,1
120,1
149,1
99,1
166,1
93,1
154,1
118,1
124,1
155,1
97,1
162,1
100,1
143,1
129,1
112,1
153,1
106,1
140,1
129,1
124,1
133,1
134,1
117,1
140,1
124,1
124,1
146,1
114,1
142,1
126,1
118,1
144,1
114,1
137,1
133,1
120,1
138,1
128,1
121,1
138,1
125,1
121,1
142,1
119,1
132,1
140,1
117,1
137,1
130,1
118,1
138,1
124,1
122,1
143,1
116,1
138,1
131,1
118,1
145,1
117,1
134,1
137,1
116,1
140,1
125,1
120,1
140,1
121,1
128,1
139,1
119,1
134,1
135,1
118,1
137,1
130,1
118,1
140,1
125,1
120,1
147,1
110,1
140,1
128,1
118,1
149,1
111,1
142,1
129,1
121,1
144,1
112,1
143,1
125,1
121,1
146,1
105,1
148,1
118,1
125,1
145,1
110,1
145,1
124,1
122,1
143,1
113,1
141,1
127,1
122,1
142,1
108,1
153,1
111,1
140,1
128,1
119,1
149,1
98,1
157,1
105,1
148,1
122,1
126,1
147,1
103,1
157,1
99,1
159,1
110,1
139,1
131,1
116,1
149,1
96,1
162,1
100,1
152,1
111,1
134,1
134,1
111,1
152,1
101,1
162,1
97,1
153,1
116,1
134,1
137,1
110,1
160,1
96,1
160,1
99,1
145,1
125,1
117,1
150,1
102,1
164,1
96,1
154,1
115,1
134,1
137,1
111,1
159,1
98,1
159,1
99,1
151,1
119,1
127,1
141,1
109,1
152,1
95,1
161,1
104,1
148,1
116,1
130,1
138,1
108,1
152,1
104,1
154,1
99,1
153,1
116,1
134,1
125,1
127,1
136,1
116,1
147,1
112,1
145,1
110,1
151,1
110,1
147,1
122,1
126,1
147,1
104,1
156,1
98,1
151,1
116,1
128,1
143,1
103,1
162,1
99,1
151,1
120,1
122,1
152,1
102,1
154,1
109,1
136,1
138,1
108,1
151,1
106,1
142,1
131,1
113,1
148,1
109,1
145,1
122,1
121,1
148,1
106,1
151,1
116,1
126,1
144,1
110,1
148,1
118,1
126,1
142,1
112,1
145,1
120,1
123,1
143,1
111,1
144,1
123,1
120,1
144,1
110,1
142,1
128,1
118,1
144,1
113,1
139,1
133,1
116,1
145,1
116,1
133,1
140,1
115,1
143,1
122,1
122,1
141,1
117,1
137,1
132,1
116,1
141,1
120,1
128,1
141,1
115,1
141,1
125,1
122,1
143,1
112,1
142,1
124,1
121,1
146,1
110,1
144,1
126,1
121,1
146,1
114,1
139,1
133,1
118,1
146,1
116,1
136,1
136,1
115,1
148,1
115,1
133,1
138,1
114,1
147,1
117,1
129,1
141,1
112,1
144,1
122,1
122,1
141,1
121,1
131,1
130,1
130,1
120,1
145,1
117,1
134,1
137,1
112,1
150,1
112,1
140,1
131,1
118,1
147,1
106,1
148,1
119,1
127,1
143,1
104,1
155,1
108,1
141,1
132,1
111,1
153,1
107,1
145,1
127,1
116,1
145,1
114,1
136,1
133,1
116,1
142,1
120,1
128,1
141,1
115,1
141,1
126,1
121,1
145,1
114,1
139,1
131,1
118,1
147,1
113,1
140,1
131,1
117,1
149,1
110,1
143,1
129,1
118,1
149,1
112,1
139,1
133,1
118,1
144,1
118,1
128,1
139,1
114,1
142,1
123,1
122,1
143,1
113,1
145,1
121,1
124,1
145,1
109,1
149,1
117,1
126,1
143,1
111,1
151,1
113,1
137,1
137,1
112,1
153,1
109,1
140,1
133,1
115,1
150,1
112,1
140,1
131,1
118,1
146,1
107,1
146,1
121,1
126,1
142,1
106,1
156,1
107,1
144,1
128,1
115,1
155,1
105,1
147,1
126,1
126,1
129,1
136,1
122,1
137,1
130,1
119,1
148,1
109,1
149,1
110,1
141,1
127,1
118,1
149,1
100,1
160,1
105,1
143,1
125,1
120,1
149,1
97,1
160,1
103,1
150,1
123,1
121,1
151,1
99,1
161,1
103,1
145,1
131,1
113,1
155,1
105,1
147,1
126,1
121,1
145,1
111,1
144,1
124,1
122,1
145,1
109,1
145,1
123,1
125,1
139,1
113,1
154,1
106,1
146,1
121,1
130,1
131,1
121,1
144,1
106,1
150,1
107,1
154,1
106,1
144,1
125,1
121,1
147,1
97,1
162,1
100,1
154,1
119,1
125,1
149,1
101,1
160,1
99,1
149,1
123,1
121,1
148,1
100,1
161,1
103,1
146,1
123,1
121,1
149,1
98,1
159,1
103,1
149,1
123,1
120,1
152,1
100,1
160,1
106,1
140,1
135,1
111,1
154,1
105,1
147,1
125,1
123,1
143,1
108,1
155,1
107,1
144,1
123,1
122,1
147,1
100,1
157,1
104,1
150,1
119,1
129,1
144,1
105,1
157,1
96,1
157,1
111,1
135,1
136,1
110,1
160,1
96,1
156,1
110,1
137,1
133,1
109,1
158,1
98,1
159,1
105,1
141,1
131,1
113,1
153,1
98,1
162,1
104,1
145,1
125,1
119,1
152,1
96,1
160,1
104,1
150,1
123,1
120,1
150,1
99,1
162,1
94,1
155,1
111,1
134,1
137,1
103,1
160,1
96,1
158,1
108,1
138,1
136,1
110,1
154,1
99,1
162,1
104,1
145,1
125,1
119,1
151,1
96,1
160,1
102,1
148,1
124,1
119,1
153,1
101,1
157,1
99,1
148,1
120,1
123,1
144,1
106,1
159,1
97,1
155,1
110,1
135,1
137,1
104,1
159,1
99,1
157,1
111,1
136,1
138,1
109,1
154,1
97,1
159,1
108,1
139,1
132,1
118,1
147,1
100,1
161,1
99,1
155,1
116,1
130,1
144,1
105,1
156,1
98,1
160,1
107,1
141,1
131,1
121,1
145,1
106,1
160,1
100,1
154,1
105,1
143,1
126,1
121,1
146,1
104,1
162,1
97,1
153,1
115,1
135,1
132,1
119,1
151,1
100,1
157,1
101,1
155,1
114,1
133,1
142,1
109,1
148,1
119,1
137,1
126,1
128,1
139,1
112,1
149,1
115,1
130,1
142,1
112,1
148,1
108,1
143,1
122,1
125,1
139,1
113,1
149,1
100,1
155,1
109,1
142,1
122,1
127,1
139,1
109,1
153,1
103,1
160,1
105,1
144,1
125,1
125,1
134,1
120,1
142,1
108,1
151,1
116,1
138,1
125,1
140,1
117,1
139,1
121,1
141,1
120,1
135,1
127,1
129,1
135,1
119,1
148,1
107,1
149,1
111,1
150,1
114,1
137,1
130,1
123,1
142,1
109,1
156,1
104,1
152,1
107,1
142,1
125,1
122,1
144,1
111,1
149,1
102,1
157,1
109,1
144,1
118,1
135,1
131,1
120,1
145,1
114,1
146,1
110,1
153,1
109,1
139,1
125,1
130,1
121,1
137,1
125,1
128,1
133,1
134,1
124,1
133,1
130,1
125,1
130,1
126,1
134,1
117,1
143,1
115,1
142,1
110,1
147,1
118,1
138,1
121,1
132,1
132,1
120,1
145,1
116,1
143,1
112,1
151,1
111,1
142,1
121,1
140,1
123,1
131,1
133,1
122,1
136,1
121,1
141,1
112,1
144,1
116,1
141,1
112,1
144,1
120,1
134,1
124,1
129,1
133,1
119,1
144,1
117,1
141,1
117,1
148,1
111,1
140,1
122,1
139,1
119,1
136,1
127,1
126,1
130,1
124,1
135,1
117,1
143,1
113,1
146,1
107,1
147,1
118,1
136,1
124,1
129,1
134,1
117,1
146,1
111,1
147,1
105,1
150,1
115,1
136,1
128,1
134,1
128,1
127,1
138,1
117,1
134,1
124,1
133,1
120,1
141,1
115,1
148,1
111,1
142,1
121,1
133,1
131,1
122,1
146,1
105,1
149,1
110,1
148,1
109,1
143,1
124,1
128,1
130,1
125,1
136,1
117,1
146,1
117,1
140,1
120,1
145,1
113,1
138,1
123,1
137,1
118,1
137,1
127,1
127,1
129,1
129,1
131,1
123,1
140,1
120,1
136,1
124,1
140,1
114,1
142,1
123,1
133,1
120,1
143,1
118,1
134,1
128,1
134,1
121,1
136,1
125,1
130,1
130,1
125,1
137,1
114,1
144,1
115,1
141,1
111,1
147,1
117,1
137,1
122,1
131,1
131,1
120,1
143,1
117,1
140,1
120,1
144,1
111,1
142,1
125,1
130,1
124,1
140,1
120,1
132,1
130,1
128,1
120,1
140,1
121,1
133,1
129,1
136,1
124,1
133,1
130,1
124,1
133,1
124,1
138,1
114,1
143,1
115,1
142,1
110,1
144,1
119,1
135,1
125,1
127,1
136,1
114,1
146,1
112,1
144,1
108,1
150,1
116,1
137,1
125,1
134,1
130,1
125,1
140,1
118,1
143,1
112,1
151,1
111,1
144,1
116,1
141,1
124,1
128,1
139,1
118,1
144,1
111,1
153,1
108,1
145,1
117,1
142,1
123,1
129,1
135,1
120,1
140,1
117,1
146,1
108,1
144,1
116,1
140,1
114,1
140,1
125,1
128,1
130,1
129,1
132,1
123,1
141,1
118,1
134,1
126,1
133,1
119,1
141,1
123,1
134,1
121,1
144,1
116,1
137,1
125,1
135,1
119,1
137,1
126,1
126,1
134,1
133,1
126,1
131,1
134,1
121,1
131,1
130,1
127,1
126,1
138,1
121,1
131,1
128,1
132,1
118,1
142,1
123,1
133,1
127,1
140,1
115,1
139,1
125,1
130,1
122,1
141,1
118,1
133,1
129,1
130,1
120,1
139,1
123,1
129,1
133,1
133,1
123,1
135,1
129,1
123,1
132,1
133,1
125,1
131,1
136,1
120,1
130,1
130,1
127,1
125,1
141,1
119,1
129,1
131,1
127,1
123,1
141,1
122,1
129,1
131,1
130,1
118,1
142,1
122,1
128,1
132,1
131,1
118,1
142,1
123,1
126,1
135,1
128,1
120,1
142,1
122,1
125,1
134,1
128,1
120,1
143,1
120,1
125,1
135,1
125,1
123,1
142,1
120,1
126,1
134,1
126,1
122,1
143,1
119,1
127,1
134,1
125,1
123,1
141,1
122,1
128,1
132,1
131,1
117,1
143,1
122,1
128,1
133,1
132,1
117,1
141,1
125,1
127,1
133,1
133,1
116,1
141,1
126,1
128,1
131,1
138,1
115,1
140,1
120,1
140,1
117,1
138,1
122,1
133,1
132,1
121,1
146,1
108,1
148,1
111,1
151,1
113,1
138,1
128,1
124,1
138,1
118,1
146,1
107,1
147,0
113,0
144,0
113,0
141,0
124,0
130,0
129,0
124,0
137,0
115,0
146,0
117,0
140,0
115,0
146,0
116,0
134,0
129,0
129,0
122,0
136,0
126,0
127,0
134,0
133,0
123,0
135,0
128,0
126,0
129,0
129,0
129,0
123,0
140,0
122,0
137,0
123,0
142,0
114,0
141,0
127,0
128,0
130,0
137,0
118,0
136,0
131,0
123,0
136,0
133,0
117,0
140,0
126,0
127,0
132,0
136,0
114,0
141,0
127,0
126,0
134,0
134,0
116,0
141,0
127,0
128,0
131,0
138,0
114,0
140,0
128,0
125,0
135,0
134,0
116,0
139,0
127,0
125,0
134,0
133,0
117,0
141,0
127,0
129,0
130,0
140,0
115,0
140,0
128,0
128,0
127,0
140,0
117,0
137,0
131,0
124,0
127,0
140,0
117,0
135,0
130,0
127,0
121,0
142,0
118,0
133,0
130,0
132,0
121,0
138,0
124,0
123,0
138,0
124,0
122,0
140,0
121,0
129,0
135,0
125,0
122,0
143,0
118,0
132,0
132,0
128,0
119,0
141,0
120,0
132,0
128,0
135,0
124,0
132,0
134,0
118,0
137,0
131,0
125,0
133,0
133,0
119,0
137,0
134,0
118,0
140,0
124,0
125,0
143,0
119,0
129,0
140,0
119,0
134,0
128,0
133,0
118,0
141,0
124,0
123,0
138,0
122,0
126,0
141,0
119,0
130,0
138,0
121,0
133,0
135,0
119,0
134,0
137,0
120,0
136,0
130,0
118,0
139,0
127,0
118,0
141,0
122,0
130,0
137,0
123,0
129,0
139,0
117,0
136,0
130,0
123,0
135,0
130,0
121,0
140,0
123,0
125,0
137,0
122,0
131,0
135,0
118,0
137,0
131,0
118,0
140,0
122,0
130,0
137,0
123,0
130,0
139,0
118,0
136,0
129,0
121,0
136,0
126,0
123,0
139,0
121,0
130,0
138,0
122,0
135,0
129,0
121,0
136,0
127,0
121,0
139,0
121,0
134,0
134,0
124,0
134,0
135,0
119,0
137,0
126,0
124,0
134,0
128,0
122,0
141,0
121,0
127,0
139,0
121,0
133,0
133,0
120,0
135,0
134,0
119,0
138,0
125,0
124,0
135,0
127,0
120,0
140,0
121,0
132,0
135,0
123,0
129,0
138,0
119,0
137,0
130,0
125,0
135,0
131,0
120,0
139,0
123,0
125,0
135,0
122,0
130,0
136,0
120,0
135,0
136,0
119,0
139,0
124,0
127,0
140,0
121,0
132,0
137,0
118,0
138,0
126,0
124,0
134,0
125,0
127,0
136,0
119,0
136,0
135,0
117,0
147,0
107,1
144,1
122,1
127,1
142,1
109,1
147,1
126,1
124,1
141,1
116,1
145,1
116,1
139,1
124,1
125,1
141,1
116,1
132,1
136,1
118,1
141,1
125,1
122,1
137,1
121,1
129,1
136,1
121,1
133,1
135,1
121,1
138,1
124,1
125,1
135,1
124,1
123,1
140,1
118,1
137,1
132,1
123,1
138,1
128,1
123,1
139,1
121,1
127,1
136,1
120,1
135,1
131,1
119,1
138,1
128,1
120,1
141,1
119,1
135,1
120,1
141,1
119,1
135,1
135,1
118,1
143,1
125,1
123,1
141,1
116,1
136,1
136,1
117,1
142,1
119,1
132,1
137,1
119,1
140,1
129,1
122,1
141,1
118,1
132,1
136,1
118,1
141,1
124,1
125,1
138,1
121,1
127,1
139,1
117,1
141,1
125,1
122,1
139,1
118,1
132,1
133,1
118,1
139,1
128,1
120,1
141,1
116,1
137,1
133,1
121,1
139,1
128,1
123,1
140,1
117,1
136,1
137,1
117,1
145,1
116,1
133,1
138,1
116,1
145,1
123,1
126,1
140,1
117,1
135,1
133,1
121,1
140,1
123,1
126,1
138,1
119,1
129,1
138,1
116,1
143,1
122,1
123,1
139,1
116,1
137,1
130,1
119,1
140,1
121,1
124,1
140,1
114,1
143,1
125,1
121,1
141,1
115,1
136,1
132,1
118,1
141,1
125,1
123,1
141,1
114,1
140,1
129,1
119,1
143,1
116,1
133,1
134,1
115,1
143,1
120,1
124,1
141,1
113,1
146,1
120,1
123,1
144,1
110,1
147,1
119,1
128,1
140,1
103,1
154,1
107,1
136,1
136,1
121,1
137,1
126,1
128,1
126,1
141,1
116,1
142,1
128,1
118,1
147,1
109,1
153,1
112,1
134,1
141,1
103,1
158,1
113,1
132,1
140,1
112,1
144,1
123,1
123,1
143,1
112,1
146,1
120,1
127,1
141,1
105,1
152,1
109,1
136,1
136,1
112,1
153,1
106,1
143,1
131,1
115,1
149,1
104,1
148,1
121,1
119,1
148,1
105,1
152,1
111,1
139,1
128,1
113,1
154,1
99,1
157,1
110,1
145,1
124,1
123,1
152,1
96,1
160,1
115,1
128,1
140,1
119,1
134,1
123,1
141,1
112,1
147,1
113,1
134,1
135,1
107,1
154,1
105,1
146,1
125,1
129,1
129,1
131,1
124,1
130,1
141,1
109,1
152,1
108,1
148,1
115,1
139,1
124,1
129,1
141,1
105,1
157,1
103,1
148,1
124,1
123,1
144,1
102,1
159,1
99,1
153,1
120,1
124,1
146,1
98,1
160,1
98,1
150,1
124,1
117,1
150,1
106,1
140,1
129,1
121,1
143,1
116,1
136,1
137,1
115,1
148,1
111,1
140,1
127,1
123,1
150,1
103,1
157,1
106,1
141,1
129,1
119,1
154,1
99,1
160,1
103,1
143,1
129,1
114,1
157,1
97,1
160,1
108,1
137,1
136,1
106,1
158,1
97,1
155,1
118,1
128,1
143,1
101,1
158,1
99,1
151,1
124,1
123,1
147,1
99,1
159,1
100,1
150,1
125,1
119,1
150,1
97,1
159,1
103,1
142,1
133,1
113,1
156,1
101,1
154,1
119,1
123,1
146,1
105,1
155,1
108,1
139,1
136,1
110,1
153,1
102,1
150,1
117,1
124,1
147,1
103,1
156,1
104,1
144,1
127,1
113,1
154,1
99,1
156,1
111,1
134,1
143,1
106,1
158,1
101,1
148,1
124,1
118,1
151,1
102,1
156,1
112,1
134,1
137,1
106,1
155,1
101,1
149,1
124,1
122,1
146,1
100,1
156,1
103,1
144,1
130,1
117,1
150,1
98,1
157,1
104,1
143,1
132,1
116,1
149,1
100,1
159,1
101,1
151,1
123,1
122,1
144,1
108,1
159,1
98,1
158,1
109,1
135,1
133,1
116,1
151,1
97,1
161,1
100,1
148,1
123,1
130,1
135,1
118,1
150,1
100,1
156,1
107,1
143,1
115,1
137,1
126,1
118,1
153,1
98,1
147,1
127,1
116,1
154,1
107,1
140,1
134,1
115,1
143,1
125,1
128,1
136,1
123,1
131,1
125,1
130,1
133,1
111,1
156,1
100,1
145,1
135,1
109,1
155,1
107,1
140,1
122,1
130,1
134,1
106,1
161,1
89,1
159,1
119,1
114,1
156,1
97,1
156,1
109,1
146,1
119,1
134,1
140,1
104,1
159,1
103,1
146,1
116,1
145,1
116,1
140,1
128,1
117,1
146,1
119,1
130,1
136,1
128,1
117,1
150,1
108,1
134,1
139,1
112,1
147,1
114,1
143,1
112,1
145,1
125,1
113,1
158,1
97,1
