SensorId = 33
Date = 1296574625085156257
FailureId = 45911
SensorsNameId = 56
PowerLineId = 13
PC_DateTime = 2/5/2021 3:37:19 PM
GPS_Accuracy = 35
GPS_Auth = 64
GPS_Flag = 201
GPS_FrontCounter = 199
GPS_latitude = 55.9053075
GPS_longitude = 49.2089711666667
GPS_PValid = True
Control_Reg = 0
MC_Temperature = 303
MC_VCC = 3.255
RZ = 44
FLAG = 1357
SensorFlag = 46
FLAGCh1 = 1021
SensorFlagCh1 = 
FLAGCh2 = 7081
SensorFlagCh2 = 
RST_Status = 0
GSM_Signal_Level = 31
Ch_bit_Rate_error = 99
U_Battery = 11.55
NetworkStatus = 
SensorVersion = 401
Time_period = 1000
Ustavka_L = 30
Step = 10
CountValue = 3
FaultLength = 
GainDA1_A = 1
GainDA1_B = 1
GainDA2_A = 1
GainDA2_B = 1
ADCA_C0_ctrl = 
ADCA_ref = 
ADCA_prescaler = 
ADCB_C0_ctrl = 
ADCB_C0_MUX = 
ADCB_ref = 
ADCB_prescaler = 
Porog_MCF = 30
MCFDepth = 
Max_OSC_ch0 = 214
Min_OSC_ch0 = 4
Max_OSC_ch1 = 129
Min_OSC_ch1 = 127
Max_OSC_ch2 = 130
Min_OSC_ch2 = 129
Max_Osc_ch0_LowFreq = 142
Min_Osc_ch0_LowFreq = 86
Max_Osc_ch1_LowFreq = 128
Min_Osc_ch1_LowFreq = 126
Max_Osc_ch2_LowFreq = 128
Min_Osc_ch2_LowFreq = 128
ImpulseCountCh0 = 7
ImpulseCountCh1 = 1
ImpulseCountCh2 = 2
PorogArtInt = 50
ZeroNumber = 300
NoiseOffset = 
MC_VREF = 2777
GSM_Temperature = 14
GSM_PwrVoltage = 3832
IsVoltageCircuit = 1
EmergChNumber = 0
mcf2StartPointA = 10979
mcf2StartPointB = 10979
mcf2StartPointC = 7081
NoisePorogA = 13361
NoisePorogB = 101
NoisePorogC = 0
Imp1SpecEnergyCh0 = 8
Imp1SpecEnergyCh1 = 0
Imp1SpecEnergyCh2 = 1
Imp2SpecEnergyCh0 = 5
Imp2SpecEnergyCh1 = 0
Imp2SpecEnergyCh2 = 1
Imp1NormaEnergyCh0 = 51
Imp1NormaEnergyCh1 = 3245
Imp1NormaEnergyCh2 = 1
Imp2NormaEnergyCh0 = 42
Imp2NormaEnergyCh1 = 0
Imp2NormaEnergyCh2 = 1
Imp1DurationCh0 = 825
Imp1DurationCh1 = 10962
Imp1DurationCh2 = 1
Imp2DurationCh0 = 732
Imp2DurationCh1 = 0
Imp2DurationCh2 = 1
CorRatio01 = 0
CorRatio02 = 0
CorRatio12 = 0
Imp1MaxCh0 = 70
Imp1MinCh0 = -133
Imp1MaxPointCh0 = 626
Imp1MinPointCh0 = 992
Imp1MaxCh1 = 1
Imp1MinCh1 = 0
Imp1MaxPointCh1 = 168
Imp1MinPointCh1 = 17
Imp1MaxCh2 = 1
Imp1MinCh2 = 1
Imp1MaxPointCh2 = 7081
Imp1MinPointCh2 = 7081
AbsMaxCFuncA = 
AbsMaxCFuncB = 
AbsMaxCFuncC = 
EnergyFIntA = 
EnergyFIntB = 
EnergyFIntC = 
EnergySIntA = 
EnergySIntB = 
EnergySIntC = 
TotalDurationFullOscA = 
TotalDurationFullOscB = 
TotalDurationFullOscC = 
TotalSpecEnergyA = 
TotalSpecEnergyB = 
TotalSpecEnergyC = 
ImpulseCount2Ch0 = 
ImpulseCount2Ch1 = 
ImpulseCount2Ch2 = 
mcf3StartPointA = 
mcf3StartPointB = 
mcf3StartPointC = 

osc_ch0,osc_ch0_ml
132,0
132,0
132,0
132,0
132,0
132,0
132,0
132,0
132,0
132,0
132,0
132,0
132,0
132,0
132,0
132,0
133,0
197,0
73,0
137,0
172,0
108,0
143,0
130,0
130,0
137,0
132,0
135,0
133,0
135,0
129,0
137,0
129,0
136,0
131,0
134,0
132,0
134,0
132,0
134,0
133,0
133,0
133,0
133,0
134,0
132,0
95,0
183,0
86,0
170,0
118,0
142,0
133,0
133,0
128,0
138,0
132,0
135,0
135,0
138,0
129,0
137,0
129,0
138,0
130,0
137,0
131,0
136,0
132,0
130,0
132,0
134,0
133,0
137,0
131,0
134,0
133,0
134,0
133,0
134,0
133,0
134,0
134,0
131,0
135,0
134,0
133,0
136,0
130,0
134,0
133,0
135,0
133,0
135,0
133,0
134,0
133,0
133,0
135,0
134,0
133,0
134,0
132,0
133,0
133,0
134,0
133,0
134,0
133,0
134,0
133,0
132,0
134,0
134,0
133,0
131,0
134,0
134,0
133,0
134,0
132,0
135,0
132,0
134,0
133,0
133,0
134,0
133,0
134,0
131,0
136,0
134,0
133,0
134,0
133,0
134,0
133,0
133,0
139,0
175,0
83,0
168,0
137,0
130,0
122,0
150,0
119,0
146,0
130,0
139,0
129,0
141,0
125,0
141,0
129,0
137,0
134,0
133,0
135,0
133,0
135,0
134,0
136,0
134,0
135,0
134,0
135,0
134,0
51,1
196,1
123,1
141,1
132,1
143,1
121,1
146,1
122,1
145,1
132,1
137,1
133,1
137,1
130,1
140,1
130,1
139,1
133,1
136,1
134,1
136,1
134,1
135,1
135,1
134,1
136,1
134,1
135,1
134,1
135,1
135,1
135,1
135,1
134,1
135,1
134,1
135,1
134,1
135,1
135,1
135,1
135,1
134,1
135,1
134,1
134,1
135,1
135,1
134,1
135,1
134,1
135,1
134,1
135,1
134,1
135,1
134,1
134,1
135,1
134,1
136,1
134,1
135,1
134,1
135,1
134,1
134,1
135,1
135,1
135,1
135,1
135,1
134,1
135,1
134,1
135,1
134,1
135,1
134,1
134,1
134,1
134,1
135,1
134,1
135,1
134,1
135,1
134,1
135,1
134,1
135,1
180,1
83,1
139,1
162,1
96,1
164,1
90,1
180,1
109,1
152,1
128,1
143,1
126,1
145,1
128,1
142,1
133,1
137,1
135,1
136,1
135,1
136,1
136,1
135,1
136,1
135,1
136,1
136,1
136,1
139,1
169,1
130,1
184,1
80,1
164,1
128,1
119,1
154,1
122,1
151,1
131,1
141,1
130,1
142,1
128,1
144,1
132,1
140,1
134,1
138,1
135,1
138,1
136,1
137,1
137,1
136,1
137,1
136,1
137,1
136,1
137,1
136,1
137,1
136,1
137,1
136,1
137,1
136,1
137,1
136,1
137,1
136,1
136,1
136,1
136,1
136,1
136,1
136,1
137,1
136,1
136,1
136,1
136,1
136,1
136,1
136,1
137,1
136,1
136,1
136,1
136,1
136,1
136,1
136,1
136,1
136,1
136,1
136,1
136,1
136,1
136,1
137,1
136,1
136,1
136,1
136,1
136,1
136,1
136,1
136,1
136,1
136,1
136,1
136,1
136,1
136,1
136,1
136,1
136,1
136,1
136,1
136,1
104,1
99,1
162,1
185,1
61,1
190,1
83,1
182,1
110,1
153,1
123,1
149,1
126,1
148,1
131,1
141,1
137,1
137,1
139,1
137,1
139,1
136,1
139,1
136,1
139,1
137,1
138,1
137,1
138,1
125,1
207,1
23,1
200,1
75,1
158,1
136,1
123,1
161,1
126,1
149,1
128,1
145,1
128,1
148,1
131,1
144,1
136,1
139,1
138,1
138,1
138,1
138,1
139,1
137,1
140,1
137,1
139,1
137,1
139,1
137,1
139,1
138,1
138,1
138,1
138,1
137,1
139,1
150,1
138,1
136,1
139,1
139,1
138,1
138,1
139,1
137,1
139,1
137,1
138,1
138,1
138,1
138,1
138,1
138,1
138,1
138,1
138,1
138,1
137,1
138,1
138,1
138,1
139,1
138,1
138,1
130,1
138,1
139,1
137,1
138,1
137,1
139,1
137,1
139,1
137,1
139,1
132,1
138,1
138,1
130,1
138,1
140,1
136,1
139,1
137,1
139,1
137,1
138,1
137,1
139,1
136,1
139,1
64,1
181,1
169,1
195,1
52,1
199,1
80,1
178,1
112,1
154,1
125,1
153,1
135,1
143,1
149,1
136,1
141,1
137,1
140,1
140,1
139,1
139,1
140,1
139,1
137,1
140,1
135,1
139,1
130,1
149,1
154,1
17,1
199,1
94,1
153,1
148,1
131,1
156,1
129,1
144,1
129,1
148,1
134,1
144,1
135,1
142,1
140,1
138,1
141,1
139,1
141,1
138,1
142,1
134,1
144,1
138,1
142,1
139,1
140,1
139,1
141,1
138,1
141,1
139,1
140,1
140,1
140,1
142,1
141,1
154,1
141,1
141,1
139,1
140,1
140,1
139,1
140,1
139,1
140,1
139,1
140,1
137,1
140,1
140,1
139,1
140,1
139,1
140,1
140,1
139,1
140,1
138,1
140,1
139,1
140,1
138,1
140,1
142,1
139,1
139,1
140,1
140,1
138,1
140,1
138,1
139,1
139,1
140,1
139,1
142,1
139,1
140,1
134,1
140,1
140,1
138,1
140,1
138,1
140,1
139,1
139,1
142,1
208,1
207,1
66,1
180,1
103,1
153,1
139,1
135,1
148,1
139,1
144,1
136,1
147,1
129,1
150,1
135,1
147,1
138,1
143,1
122,1
145,1
136,1
144,1
139,1
141,1
140,1
140,1
141,1
141,1
184,1
83,1
34,1
194,1
113,1
153,1
151,1
137,1
145,1
135,1
143,1
136,1
143,1
137,1
145,1
141,1
139,1
147,1
138,1
143,1
140,1
144,1
138,1
143,1
139,1
142,1
140,1
141,1
141,1
141,1
141,1
141,1
141,1
140,1
142,1
140,1
142,1
140,1
142,1
141,1
141,1
141,1
141,1
141,1
141,1
140,1
141,1
141,1
141,1
141,1
141,1
141,1
141,1
141,1
140,1
142,1
140,1
141,1
140,1
141,1
141,1
141,1
141,1
141,1
141,1
141,1
140,1
141,1
140,1
141,1
140,1
141,1
140,1
141,1
140,1
141,1
140,1
141,1
140,1
140,1
141,1
140,1
140,1
141,1
140,1
141,1
140,1
141,1
140,1
141,1
140,1
141,1
175,1
176,1
205,1
49,1
174,1
29,1
161,1
132,1
153,1
140,1
144,1
141,1
138,1
148,1
135,1
149,1
137,1
144,1
140,1
142,1
141,1
142,1
142,1
142,1
142,1
141,1
142,1
141,1
142,1
141,1
68,1
175,1
36,1
181,1
152,1
145,1
143,1
140,1
137,1
143,1
145,1
140,1
149,1
140,1
141,1
145,1
137,1
147,1
139,1
145,1
140,1
144,1
140,1
144,1
141,1
143,1
142,1
143,1
142,1
143,1
142,1
142,1
142,1
142,1
142,1
142,1
142,1
142,1
142,1
142,1
142,1
142,1
142,1
143,1
141,1
142,1
142,1
142,1
142,1
142,1
142,1
142,1
142,1
142,1
142,1
142,1
142,1
142,1
142,1
142,1
142,1
142,1
141,1
142,1
141,1
142,1
141,1
142,1
141,1
142,1
141,1
142,1
142,1
141,1
142,1
142,1
142,1
142,1
142,1
141,1
142,1
141,1
142,1
141,1
142,1
141,1
142,1
141,1
142,1
142,1
142,1
142,1
157,1
88,1
204,1
186,1
135,1
136,1
135,1
160,1
138,1
142,1
140,1
145,1
138,1
150,1
138,1
146,1
140,1
142,1
142,1
142,1
142,1
142,1
143,1
141,1
143,1
141,1
143,1
142,1
143,1
142,1
53,1
104,1
150,1
85,1
193,1
108,1
155,1
133,1
147,1
143,1
150,1
137,1
145,1
140,1
140,1
146,1
140,1
146,1
141,1
144,1
141,1
144,1
141,1
144,1
142,1
142,1
142,1
142,1
141,1
142,1
149,1
138,1
143,1
141,1
143,1
142,1
143,1
141,1
142,1
142,1
143,1
141,1
142,1
142,1
147,1
139,1
142,1
142,1
143,1
142,1
143,1
142,1
142,1
142,1
143,1
141,1
144,1
132,1
144,1
142,1
143,1
141,1
143,1
141,1
144,1
141,1
142,1
142,1
141,1
142,1
142,1
145,1
143,1
140,1
143,1
141,1
142,1
142,1
142,1
142,1
142,1
142,1
142,1
140,1
139,1
137,1
140,1
143,1
140,1
143,1
141,1
143,1
28,1
4,1
117,0
189,0
154,0
185,0
103,0
149,0
126,0
153,0
139,0
151,0
133,0
147,0
139,0
144,0
143,0
140,0
143,0
141,0
142,0
143,0
142,0
142,0
142,0
142,0
143,0
141,0
143,0
139,0
182,0
86,0
197,0
75,0
184,0
116,0
151,0
142,0
143,0
142,0
143,0
140,0
140,0
146,0
137,0
147,0
138,0
145,0
139,0
145,0
139,0
144,0
141,0
142,0
142,0
141,0
142,0
142,0
142,0
142,0
142,0
141,0
143,0
140,0
143,0
141,0
142,0
142,0
142,0
141,0
142,0
142,0
141,0
142,0
141,0
142,0
141,0
141,0
142,0
141,0
142,0
141,0
142,0
141,0
142,0
141,0
142,0
141,0
142,0
142,0
141,0
142,0
140,0
142,0
141,0
141,0
141,0
142,0
142,0
142,0
142,0
141,0
142,0
140,0
142,0
141,0
142,0
141,0
141,0
142,0
141,0
141,0
141,0
141,0
141,0
141,0
141,0
142,0
141,0
141,0
142,0
141,0
153,0
170,0
86,0
178,0
77,0
186,0
120,0
158,0
134,0
143,0
134,0
148,0
137,0
144,0
142,0
138,0
144,0
138,0
144,0
139,0
144,0
139,0
143,0
139,0
142,0
140,0
141,0
141,0
141,0
122,0
191,0
77,0
189,0
87,0
164,0
140,0
137,0
151,0
135,0
142,0
137,0
145,0
134,0
149,0
134,0
146,0
138,0
142,0
139,0
142,0
140,0
142,0
140,0
141,0
141,0
140,0
141,0
140,0
141,0
140,0
141,0
140,0
141,0
141,0
140,0
141,0
140,0
141,0
140,0
141,0
140,0
141,0
141,0
140,0
141,0
141,0
141,0
141,0
141,0
140,0
140,0
141,0
140,0
141,0
140,0
141,0
140,0
141,0
140,0
141,0
140,0
141,0
140,0
140,0
141,0
140,0
140,0
141,0
140,0
141,0
140,0
141,0
140,0
141,0
140,0
141,0
140,0
141,0
140,0
140,0
140,0
140,0
140,0
140,0
141,0
140,0
141,0
139,0
141,0
140,0
141,0
140,0
95,0
195,0
76,0
196,0
83,0
173,0
125,0
145,0
139,0
141,0
138,0
143,0
141,0
137,0
144,0
135,0
144,0
137,0
142,0
139,0
141,0
139,0
141,0
140,0
140,0
140,0
140,0
140,0
140,0
137,0
182,0
87,0
173,0
119,0
139,0
158,0
126,0
152,0
130,0
144,0
133,0
149,0
131,0
149,0
134,0
142,0
139,0
140,0
140,0
140,0
140,0
139,0
141,0
139,0
141,0
139,0
141,0
139,0
140,0
140,0
139,0
141,0
139,0
141,0
139,0
140,0
139,0
140,0
140,0
140,0
139,0
140,0
139,0
140,0
139,0
140,0
139,0
140,0
139,0
140,0
139,0
140,0
139,0
140,0
139,0
140,0
140,0
139,0
140,0
139,0
140,0
139,0
140,0
140,0
139,0
140,0
139,0
140,0
139,0
139,0
139,0
139,0
139,0
140,0
139,0
140,0
139,0
140,0
139,0
140,0
139,0
139,0
140,0
139,0
139,0
139,0
139,0
140,0
139,0
139,0
139,0
144,0
65,1
196,1
89,1
197,1
105,1
145,1
135,1
132,1
146,1
140,1
142,1
137,1
144,1
131,1
145,1
134,1
143,1
137,1
141,1
138,1
140,1
138,1
139,1
139,1
139,1
140,1
139,1
139,1
139,1
106,1
146,1
135,1
137,1
164,1
108,1
167,1
117,1
149,1
133,1
145,1
133,1
148,1
131,1
144,1
136,1
139,1
140,1
138,1
141,1
138,1
140,1
137,1
140,1
138,1
140,1
139,1
139,1
139,1
138,1
139,1
139,1
139,1
139,1
138,1
140,1
138,1
140,1
138,1
140,1
138,1
139,1
139,1
139,1
139,1
138,1
140,1
138,1
139,1
139,1
139,1
139,1
139,1
139,1
139,1
139,1
139,1
139,1
139,1
138,1
140,1
138,1
139,1
138,1
139,1
139,1
138,1
139,1
138,1
139,1
138,1
140,1
138,1
139,1
138,1
139,1
138,1
139,1
138,1
139,1
138,1
140,1
138,1
140,1
138,1
139,1
139,1
138,1
140,1
137,1
139,1
138,1
147,1
37,1
194,1
103,1
176,1
134,1
122,1
148,1
127,1
149,1
138,1
144,1
131,1
145,1
130,1
144,1
136,1
140,1
138,1
139,1
138,1
138,1
139,1
138,1
139,1
138,1
139,1
138,1
139,1
137,1
141,1
117,1
170,1
107,1
183,1
94,1
164,1
120,1
147,1
135,1
145,1
133,1
144,1
134,1
138,1
140,1
135,1
142,1
137,1
139,1
137,1
139,1
137,1
139,1
137,1
139,1
138,1
138,1
138,1
139,1
138,1
140,1
139,1
137,1
140,1
136,1
139,1
138,1
138,1
138,1
138,1
138,1
138,1
138,1
138,1
137,1
139,1
137,1
139,1
137,1
139,1
138,1
138,1
138,1
138,1
138,1
138,1
138,1
137,1
139,1
136,1
139,1
138,1
138,1
139,1
137,1
138,1
138,1
138,1
138,1
138,1
139,1
137,1
138,1
138,1
137,1
139,1
137,1
138,1
138,1
137,1
138,1
137,1
138,1
138,1
138,1
137,1
137,1
138,1
139,1
137,1
139,1
171,1
159,1
96,1
160,1
79,1
182,1
113,1
160,1
128,1
140,1
129,1
144,1
131,1
143,1
137,1
136,1
140,1
134,1
140,1
136,1
140,1
135,1
140,1
135,1
139,1
137,1
138,1
138,1
137,1
137,1
136,1
97,1
189,1
79,1
186,1
96,1
155,1
130,1
142,1
138,1
143,1
132,1
140,1
137,1
134,1
142,1
134,1
141,1
136,1
139,1
136,1
139,1
136,1
139,1
137,1
138,1
138,1
137,1
138,1
137,1
138,1
137,1
138,1
137,1
138,1
137,1
137,1
137,1
137,1
137,1
137,1
137,1
137,1
137,1
137,1
137,1
137,1
137,1
137,1
137,1
137,1
137,1
137,1
137,1
137,1
137,1
138,1
137,1
138,1
137,1
138,1
137,1
137,1
137,1
137,1
137,1
137,1
137,1
137,1
137,1
137,1
137,1
137,1
137,1
137,1
137,1
137,1
137,1
137,1
137,1
137,1
138,1
137,1
138,1
137,1
137,1
137,1
137,1
137,1
137,1
137,1
137,1
127,1
188,1
75,1
185,1
73,1
179,1
118,1
148,1
133,1
137,1
132,1
142,1
136,1
137,1
140,1
132,1
140,1
134,1
139,1
135,1
139,1
135,1
139,1
136,1
137,1
137,1
137,1
137,1
137,1
133,1
181,1
79,1
191,1
69,1
178,1
114,1
144,1
140,1
136,1
138,1
137,1
139,1
133,1
142,1
131,1
142,1
133,1
139,1
135,1
138,1
136,1
138,1
136,1
137,1
136,1
137,1
137,1
137,1
137,1
136,1
138,1
136,1
137,1
137,1
137,1
137,1
137,1
136,1
137,1
136,1
137,1
136,1
137,1
137,1
137,1
137,1
137,1
137,1
137,1
136,1
137,1
136,1
137,1
136,1
137,1
136,1
137,1
136,1
137,1
136,1
137,1
136,1
137,1
136,1
137,1
137,1
136,1
136,1
137,1
137,1
136,1
137,1
136,1
137,1
136,1
137,1
136,1
137,1
136,1
136,1
136,1
136,1
137,1
137,1
136,1
137,1
136,1
137,1
136,1
137,1
136,1
138,1
133,1
189,1
75,1
194,1
86,1
158,1
125,1
136,1
138,1
138,1
136,1
138,1
139,1
131,1
142,1
130,1
140,1
134,1
139,1
135,1
138,1
135,1
137,1
136,1
136,1
137,1
136,1
137,1
136,1
113,1
188,1
71,1
182,1
89,1
154,1
140,1
130,1
147,1
129,1
138,1
132,1
141,1
130,1
145,1
130,1
140,1
134,1
137,1
136,1
137,1
135,1
137,1
136,1
136,1
136,1
136,1
136,1
136,1
136,1
136,1
137,1
135,1
137,1
135,1
136,1
136,1
136,1
136,1
136,1
137,1
135,1
137,1
135,1
136,1
136,1
136,1
136,1
137,1
135,1
137,1
135,1
137,1
135,1
137,1
135,1
136,1
135,1
136,1
136,1
136,1
135,1
136,1
136,1
136,1
136,1
136,1
136,1
136,1
136,1
136,1
138,1
135,1
136,1
136,1
135,1
136,1
135,1
136,1
136,1
136,1
136,1
135,1
136,1
135,1
136,1
135,1
136,1
136,1
135,1
136,1
136,1
140,1
47,1
190,1
93,1
188,1
115,1
129,1
138,1
125,1
145,1
136,1
141,1
130,1
142,1
127,1
142,1
131,1
139,1
134,1
137,1
134,1
137,1
135,1
136,1
136,1
135,1
137,1
135,1
137,1
135,1
126,1
165,1
93,1
161,1
128,1
126,1
158,1
118,1
147,1
127,1
139,1
130,1
144,1
128,1
143,1
131,1
137,1
135,1
135,1
137,1
135,1
136,1
135,1
136,1
135,1
136,1
136,1
136,1
136,1
135,1
136,1
135,1
136,1
135,1
136,1
136,1
135,1
136,1
135,1
135,1
136,1
135,1
136,1
135,1
135,1
136,1
135,1
136,1
135,1
135,1
135,1
135,1
136,1
135,1
136,1
135,1
136,1
135,1
136,1
135,1
136,1
135,1
136,1
135,1
136,1
136,1
136,1
136,1
136,1
135,1
136,1
135,1
136,1
135,1
135,1
135,1
136,1
135,1
135,1
135,1
136,1
135,1
136,1
135,1
135,1
135,1
135,1
135,1
135,1
135,1
135,1
136,1
144,1
66,1
183,0
102,0
161,0
140,0
115,0
149,0
123,0
147,0
132,0
142,0
125,0
143,0
125,0
142,0
132,0
138,0
130,0
135,0
136,0
134,0
138,0
132,0
137,0
134,0
135,0
137,0
134,0
137,0
98,0
142,0
128,0
135,0
158,0
105,0
162,0
113,0
146,0
128,0
141,0
129,0
144,0
128,0
140,0
132,0
135,0
136,0
134,0
136,0
134,0
136,0
133,0
137,0
133,0
136,0
134,0
136,0
137,0
133,0
138,0
133,0
136,0
135,0
132,0
139,0
131,0
139,0
132,0
137,0
133,0
136,0
134,0
136,0
135,0
135,0
135,0
135,0
135,0
135,0
135,0
136,0
134,0
135,0
136,0
137,0
130,0
142,0
129,0
136,0
136,0
133,0
135,0
138,0
130,0
140,0
131,0
137,0
134,0
136,0
134,0
136,0
134,0
136,0
134,0
135,0
135,0
135,0
134,0
136,0
134,0
136,0
134,0
135,0
134,0
135,0
134,0
135,0
134,0
135,0
135,0
135,0
160,0
137,0
123,0
123,0
113,0
160,0
118,0
151,0
127,0
138,0
129,0
140,0
128,0
141,0
131,0
136,0
135,0
134,0
135,0
134,0
135,0
134,0
136,0
134,0
135,0
134,0
135,0
135,0
135,0
134,0
144,0
121,0
159,0
113,0
168,0
105,0
149,0
126,0
138,0
134,0
140,0
129,0
139,0
131,0
134,0
137,0
131,0
138,0
133,0
136,0
133,0
136,0
133,0
134,0
135,0
134,0
136,0
133,0
135,0
134,0
134,0
135,0
134,0
135,0
134,0
135,0
134,0
134,0
136,0
133,0
136,0
134,0
134,0
135,0
134,0
135,0
134,0
135,0
134,0
134,0
135,0
133,0
135,0
134,0
135,0
135,0
134,0
135,0
134,0
135,0
134,0
135,0
135,0
134,0
136,0
135,0
134,0
135,0
133,0
135,0
134,0
135,0
134,0
135,0
134,0
135,0
134,0
135,0
133,0
135,0
133,0
136,0
134,0
134,0
135,0
133,0
135,0
134,0
134,0
134,0
134,0
135,0
154,0
158,0
99,0
151,0
90,0
167,0
122,0
147,0
129,0
135,0
128,0
141,0
130,0
139,0
134,0
133,0
136,0
131,0
137,0
132,0
136,0
133,0
135,0
133,0
134,0
133,0
134,0
134,0
133,0
135,0
136,0
97,0
178,0
90,0
168,0
110,0
142,0
133,0
135,0
134,0
137,0
132,0
135,0
134,0
132,0
137,0
132,0
136,0
132,0
135,0
133,0
135,0
133,0
135,0
133,0
135,0
134,0
135,0
134,0
134,0
134,0
133,0
135,0
133,0
134,0
134,0
134,0
134,0
134,0
134,0
135,0
133,0
135,0
133,0
134,0
134,0
134,0
134,0
134,0
134,0
134,0
135,0
133,0
135,0
133,0
135,0
133,0
134,0
134,0
133,0
135,0
133,0
135,0
133,0
135,0
133,0
134,0
134,0
134,0
134,0
134,0
134,0
134,0
134,0
134,0
133,0
134,0
133,0
134,0
134,0
134,0
134,0
134,0
134,0
134,0
134,0
134,0
134,0
134,0
134,0
134,0
134,0
85,0
185,0
88,0
177,0
93,0
155,0
126,0
135,0
134,0
134,0
131,0
138,0
134,0
132,0
137,0
129,0
137,0
132,0
135,0
133,0
135,0
133,0
134,0
133,0
134,0
134,0
133,0
134,0
133,0
125,0
180,0
82,0
178,0
85,0
156,0
128,0
133,0
140,0
130,0
133,0
134,0
134,0
131,0
139,0
129,0
138,0
131,0
135,0
132,0
135,0
133,0
134,0
133,0
134,0
134,0
133,0
134,0
133,0
134,0
134,0
133,0
134,0
133,0
134,0
133,0
134,0
133,0
134,0
133,0
134,0
134,0
133,0
134,0
133,0
134,0
133,0
134,0
133,0
134,0
133,0
134,0
133,0
134,0
133,0
134,0
133,0
133,0
134,0
133,0
134,0
133,0
134,0
133,0
133,0
134,0
133,0
134,0
133,0
133,0
133,0
134,0
134,0
133,0
134,0
134,0
133,0
134,0
133,0
134,0
133,0
134,0
133,0
134,0
133,0
134,0
133,0
133,0
133,0
134,0
133,0
134,0
137,0
102,0
181,0
91,0
185,0
105,0
137,0
131,0
128,0
139,0
135,0
134,0
133,0
136,0
128,0
138,0
129,0
136,0
132,0
135,0
132,0
135,0
132,0
134,0
133,0
133,0
134,0
133,0
134,0
133,0
113,0
179,0
75,0
171,0
101,0
142,0
142,0
125,0
142,0
128,0
133,0
131,0
137,0
129,0
139,0
128,0
136,0
131,0
135,0
132,0
135,0
132,0
134,0
133,0
133,0
134,0
132,0
134,0
133,0
132,0
134,0
132,0
134,0
132,0
134,0
133,0
133,0
134,0
133,0
133,0
132,0
133,0
134,0
132,0
134,0
132,0
133,0
134,0
132,0
134,0
133,0
134,0
133,0
133,0
134,0
132,0
135,0
132,0
134,0
132,0
133,0
133,0
133,0
133,0
133,0
133,0
134,0
132,0
134,0
133,0
133,0
134,0
132,0
135,0
132,0
134,0
133,0
133,0
133,0
133,0
133,0
133,0
132,0
134,0
132,0
134,0
133,0
133,0
134,0
132,0
134,0
132,0
124,0
139,0
130,0
114,0
120,0
155,0
115,0
149,0
126,0
136,0
130,0
137,0
126,0
139,0
129,0
135,0
133,0
132,0
133,0
131,0
135,0
131,0
135,0
132,0
134,0
133,0
133,0
133,0
133,0
133,0
115,0
155,0
100,0
154,0
129,0
124,0
151,0
119,0
141,0
127,0
135,0
129,0
140,0
127,0
138,0
129,0
134,0
132,0
133,0
133,0
132,0
134,0
131,0
135,0
131,0
134,0
132,0
134,0
132,0
133,0
131,0
134,0
132,0
134,0
132,0
133,0
133,0
132,0
134,0
132,0
133,0
132,0
135,0
131,0
134,0
132,0
132,0
134,0
131,0
135,0
131,0
134,0
132,0
133,0
132,0
134,0
132,0
134,0
132,0
134,0
132,0
132,0
133,0
132,0
133,0
133,0
133,0
132,0
133,0
132,0
133,0
133,0
132,0
134,0
131,0
133,0
133,0
132,0
134,0
131,0
134,0
132,0
133,0
132,0
133,0
132,0
134,0
131,0
134,0
132,0
132,0
133,0
181,0
135,0
105,0
141,0
93,0
165,0
119,0
147,0
127,0
133,0
126,0
138,0
127,0
138,0
132,0
131,0
134,0
131,0
133,0
132,0
133,0
132,0
133,0
131,0
133,0
132,0
133,0
133,0
133,0
132,0
112,0
134,0
139,0
128,0
157,0
106,0
149,0
120,0
137,0
131,0
136,0
129,0
139,0
128,0
134,0
132,0
131,0
134,0
132,0
133,0
132,0
132,0
132,0
133,0
132,0
133,0
132,0
132,0
133,0
132,0
133,0
132,0
133,0
132,0
133,0
132,0
133,0
132,0
132,0
133,0
133,0
132,0
133,0
132,0
133,0
132,0
133,0
132,0
132,0
133,0
132,0
133,0
132,0
133,0
132,0
133,0
132,0
133,0
132,0
133,0
132,0
133,0
132,0
133,0
132,0
133,0
132,0
133,0
132,0
133,0
132,0
132,0
132,0
132,0
132,0
132,0
133,0
132,0
132,0
133,0
132,0
133,0
132,0
132,0
132,0
133,0
132,0
132,0
133,0
132,0
133,0
131,0
121,0
173,0
91,0
166,0
87,0
160,0
123,0
138,0
131,0
132,0
128,0
137,0
131,0
133,0
134,0
128,0
135,0
130,0
134,0
132,0
134,0
131,0
133,0
131,0
132,0
132,0
132,0
132,0
132,0
132,0
138,0
111,0
165,0
102,0
168,0
102,0
144,0
126,0
135,0
132,0
137,0
128,0
135,0
131,0
130,0
136,0
129,0
135,0
131,0
133,0
131,0
133,0
131,0
133,0
132,0
132,0
132,0
132,0
132,0
132,0
132,0
133,0
132,0
132,0
132,0
132,0
132,0
132,0
132,0
132,0
132,0
132,0
133,0
132,0
133,0
131,0
133,0
132,0
133,0
132,0
132,0
132,0
132,0
132,0
132,0
132,0
132,0
132,0
132,0
132,0
132,0
132,0
132,0
132,0
132,0
132,0
132,0
132,0
132,0
132,0
132,0
132,0
133,0
132,0
133,0
131,0
133,0
131,0
133,0
132,0
132,0
132,0
132,0
132,0
132,0
132,0
132,0
132,0
132,0
132,0
132,0
134,0
129,0
184,0
85,0
183,0
96,0
143,0
126,0
129,0
135,0
133,0
132,0
134,0
134,0
128,0
136,0
127,0
135,0
130,0
134,0
131,0
133,0
131,0
132,0
132,0
131,0
133,0
131,0
132,0
132,0
131,0
145,0
90,0
178,0
84,0
166,0
109,0
138,0
132,0
132,0
132,0
135,0
128,0
132,0
134,0
127,0
137,0
128,0
134,0
131,0
132,0
131,0
133,0
131,0
133,0
131,0
132,0
132,0
132,0
132,0
132,0
132,0
132,0
132,0
132,0
132,0
132,0
131,0
132,0
132,0
132,0
132,0
132,0
131,0
133,0
131,0
132,0
132,0
131,0
132,0
131,0
132,0
132,0
132,0
132,0
133,0
133,0
130,0
134,0
129,0
134,0
130,0
133,0
131,0
132,0
132,0
131,0
132,0
131,0
132,0
131,0
132,0
132,0
130,0
133,0
131,0
132,0
132,0
132,0
131,0
132,0
131,0
131,0
133,0
131,0
132,0
132,0
130,0
133,0
131,0
132,0
131,0
137,0
31,1
186,0
93,0
179,0
112,0
126,0
132,0
124,0
139,0
134,0
135,0
128,0
136,0
124,0
137,0
128,0
135,0
130,0
133,0
130,0
133,0
131,0
132,0
132,0
131,0
132,0
131,0
132,0
132,0
119,0
178,0
76,0
175,0
84,0
153,0
129,0
129,0
140,0
127,0
133,0
129,0
134,0
127,0
138,0
127,0
136,0
129,0
133,0
130,0
133,0
131,0
132,0
132,0
131,0
133,0
131,0
132,0
132,0
132,0
131,0
132,0
131,0
132,0
131,0
132,0
131,0
132,0
131,0
131,0
132,0
131,0
132,0
131,0
132,0
131,0
132,0
131,0
132,0
131,0
132,0
131,0
132,0
132,0
131,0
132,0
131,0
132,0
131,0
131,0
132,0
131,0
132,0
132,0
131,0
132,0
131,0
132,0
131,0
132,0
132,0
132,0
131,0
132,0
131,0
132,0
132,0
132,0
131,0
132,0
132,0
131,0
132,0
131,0
132,0
131,0
132,0
131,0
132,0
131,0
132,0
131,0
143,0
73,0
173,0
99,0
155,0
136,0
114,0
143,0
122,0
139,0
131,0
136,0
124,0
137,0
124,0
136,0
129,0
133,0
131,0
131,0
131,0
132,0
132,0
131,0
132,0
131,0
131,0
132,0
131,0
132,0
119,0
177,0
75,0
168,0
103,0
137,0
142,0
122,0
140,0
126,0
132,0
129,0
137,0
126,0
139,0
126,0
134,0
130,0
132,0
131,0
133,0
132,0
131,0
133,0
129,0
134,0
130,0
132,0
131,0
132,0
131,0
132,0
131,0
131,0
132,0
130,0
132,0
131,0
131,0
133,0
130,0
132,0
131,0
132,0
131,0
132,0
131,0
132,0
131,0
131,0
133,0
130,0
133,0
131,0
131,0
132,0
131,0
132,0
131,0
131,0
131,0
131,0
132,0
129,0
133,0
130,0
132,0
132,0
131,0
132,0
131,0
132,0
132,0
131,0
132,0
131,0
131,0
130,0
133,0
130,0
132,0
131,0
131,0
131,0
131,0
131,0
131,0
131,0
131,0
131,0
131,0
130,0
156,0
130,0
122,0
116,0
110,0
157,0
113,0
149,0
124,0
135,0
126,0
137,0
123,0
137,0
129,0
131,0
133,0
129,0
132,0
131,0
132,0
131,0
132,0
130,0
132,0
130,0
131,0
132,0
130,0
132,0
94,0
144,0
114,0
141,0
140,0
113,0
151,0
116,0
139,0
126,0
135,0
125,0
140,0
123,0
137,0
127,0
132,0
132,0
130,0
132,0
131,0
131,0
131,0
132,0
130,0
132,0
130,0
133,0
130,0
132,0
131,0
131,0
132,0
131,0
132,0
131,0
132,0
130,0
131,0
132,0
131,0
131,0
132,0
130,0
132,0
131,0
131,0
131,0
131,0
131,0
131,0
131,0
131,0
132,0
130,0
132,0
133,0
132,0
130,0
132,0
129,0
133,0
130,0
132,0
131,0
131,0
131,0
131,0
131,0
131,0
131,0
131,0
131,0
131,0
130,0
132,0
130,0
132,0
131,0
131,0
131,0
131,0
131,0
131,0
131,0
131,0
131,0
131,0
131,0
131,0
131,0
131,0
157,0
154,0
98,0
146,0
87,0
165,0
118,0
144,0
126,0
131,0
125,0
137,0
127,0
135,0
131,0
129,0
133,0
129,0
132,0
131,0
132,0
130,0
133,0
130,0
132,0
131,0
131,0
131,0
131,0
130,0
123,0
127,0
145,0
120,0
160,0
102,0
149,0
118,0
136,0
129,0
137,0
125,0
138,0
125,0
133,0
131,0
129,0
135,0
128,0
133,0
128,0
133,0
129,0
133,0
130,0
132,0
131,0
131,0
131,0
131,0
131,0
131,0
131,0
131,0
131,0
131,0
131,0
131,0
131,0
131,0
131,0
131,0
131,0
131,0
131,0
131,0
130,0
131,0
131,0
130,0
132,0
130,0
132,0
130,0
132,0
131,0
131,0
131,0
131,0
131,0
131,0
131,0
131,0
131,0
131,0
131,0
131,0
130,0
131,0
131,0
131,0
131,0
131,0
131,0
131,0
131,0
131,0
131,0
131,0
131,0
131,0
130,0
131,0
131,0
131,0
131,0
131,0
131,0
132,0
130,0
131,0
135,0
77,0
181,0
87,0
183,0
103,0
133,0
128,0
125,0
136,0
134,0
131,0
131,0
133,0
125,0
135,0
126,0
134,0
130,0
132,0
130,0
132,0
130,0
131,0
131,0
131,0
131,0
131,0
131,0
131,0
130,0
130,0
106,0
168,0
96,0
168,0
98,0
144,0
123,0
135,0
130,0
136,0
126,0
134,0
129,0
129,0
133,0
128,0
133,0
129,0
134,0
130,0
131,0
131,0
130,0
132,0
130,0
131,0
131,0
131,0
132,0
130,0
131,0
131,0
131,0
131,0
131,0
130,0
131,0
130,0
131,0
130,0
131,0
131,0
131,0
131,0
130,0
130,0
130,0
131,0
131,0
130,0
132,0
130,0
131,0
131,0
131,0
130,0
131,0
131,0
131,0
131,0
131,0
131,0
130,0
132,0
130,0
131,0
130,0
131,0
130,0
131,0
131,0
131,0
131,0
131,0
130,0
131,0
130,0
132,0
130,0
131,0
131,0
130,0
132,0
130,0
131,0
130,0
131,0
128,0
132,0
130,0
142,0
50,1
180,0
97,0
167,0
123,0
119,0
135,0
123,0
137,0
133,0
133,0
126,0
134,0
124,0
135,0
129,0
132,0
130,0
131,0
130,0
131,0
130,0
131,0
131,0
130,0
131,0
130,0
131,0
131,0
129,0
164,0
83,0
179,0
79,0
164,0
110,0
140,0
133,0
129,0
131,0
131,0
129,0
130,0
133,0
128,0
134,0
128,0
132,0
129,0
131,0
130,0
131,0
130,0
131,0
130,0
131,0
131,0
130,0
131,0
131,0
131,0
130,0
131,0
130,0
130,0
130,0
131,0
131,0
130,0
131,0
130,0
131,0
130,0
131,0
131,0
130,0
131,0
130,0
131,0
130,0
130,0
131,0
130,0
131,0
130,0
131,0
131,0
130,0
131,0
130,0
131,0
130,0
131,0
131,0
131,0
130,0
131,0
131,0
131,0
131,0
130,0
131,0
130,0
131,0
130,0
131,0
130,0
131,0
130,0
130,0
131,0
130,0
131,0
130,0
131,0
130,0
131,0
130,0
131,0
130,0
131,0
104,0
119,0
147,0
100,0
134,0
141,0
117,0
141,0
125,0
134,0
130,0
133,0
125,0
135,0
126,0
133,0
130,0
130,0
131,0
130,0
130,0
131,0
131,0
130,0
131,0
130,0
130,0
131,0
131,0
131,0
113,0
179,0
71,0
177,0
75,0
155,0
125,0
132,0
136,0
128,0
128,0
130,0
130,0
128,0
135,0
127,0
134,0
129,0
132,0
130,0
131,0
130,0
131,0
130,0
130,0
131,0
130,0
130,0
130,0
130,0
131,0
130,0
130,0
131,0
130,0
131,0
130,0
131,0
130,0
131,0
130,0
130,0
130,0
130,0
130,0
130,0
130,0
130,0
131,0
130,0
131,0
130,0
130,0
130,0
131,0
130,0
131,0
130,0
131,0
130,0
131,0
130,0
130,0
131,0
130,0
130,0
130,0
130,0
130,0
130,0
130,0
131,0
130,0
131,0
130,0
131,0
130,0
131,0
129,0
131,0
129,0
131,0
130,0
131,0
130,0
130,0
130,0
131,0
130,0
131,0
130,0
131,0
180,0
145,0
102,0
134,0
86,0
165,0
112,0
149,0
124,0
131,0
125,0
135,0
124,0
137,0
129,0
131,0
132,0
128,0
131,0
129,0
131,0
129,0
131,0
129,0
131,0
130,0
131,0
130,0
131,0
130,0
129,0
175,0
77,0
166,0
104,0
136,0
142,0
123,0
137,0
126,0
128,0
128,0
134,0
126,0
136,0
126,0
132,0
129,0
130,0
131,0
131,0
131,0
130,0
131,0
130,0
131,0
130,0
130,0
130,0
130,0
130,0
130,0
130,0
130,0
130,0
131,0
131,0
131,0
130,0
131,0
130,0
130,0
130,0
130,0
131,0
130,0
130,0
130,0
131,0
130,0
130,0
130,0
131,0
130,0
130,0
130,0
130,0
130,0
130,0
130,0
130,0
130,0
130,0
130,0
130,0
130,0
130,0
130,0
130,0
130,0
131,0
130,0
130,0
130,0
130,0
130,0
131,0
130,0
130,0
130,0
130,0
131,0
130,0
131,0
130,0
131,0
130,0
131,0
129,0
131,0
129,0
131,0
133,0
161,0
76,0
161,0
71,0
170,0
115,0
144,0
126,0
129,0
123,0
136,0
127,0
135,0
132,0
128,0
132,0
128,0
131,0
129,0
130,0
129,0
131,0
129,0
131,0
130,0
130,0
131,0
131,0
131,0
89,0
143,0
112,0
141,0
142,0
113,0
150,0
115,0
135,0
125,0
133,0
126,0
137,0
124,0
134,0
129,0
129,0
132,0
130,0
132,0
131,0
131,0
129,0
131,0
129,0
130,0
131,0
128,0
131,0
129,0
130,0
130,0
130,0
130,0
131,0
130,0
131,0
130,0
131,0
129,0
131,0
129,0
130,0
130,0
129,0
131,0
129,0
130,0
130,0
130,0
130,0
130,0
132,0
130,0
131,0
130,0
130,0
131,0
129,0
131,0
129,0
131,0
129,0
131,0
130,0
130,0
131,0
131,0
129,0
132,0
128,0
132,0
129,0
130,0
130,0
130,0
130,0
129,0
130,0
129,0
129,0
131,0
129,0
131,0
129,0
131,0
130,0
130,0
130,0
131,0
130,0
130,0
95,0
185,0
67,1
185,1
79,1
157,1
117,1
131,1
129,1
131,1
128,1
135,1
131,1
131,1
133,1
128,1
132,1
129,1
131,1
129,1
131,1
128,1
130,1
129,1
130,1
130,1
130,1
129,1
131,1
130,1
128,1
116,1
151,1
115,1
167,1
97,1
150,1
113,1
136,1
127,1
135,1
126,1
135,1
124,1
132,1
129,1
130,1
130,1
131,1
131,1
130,1
132,1
129,1
132,1
129,1
131,1
129,1
131,1
126,1
131,1
128,1
131,1
130,1
129,1
131,1
129,1
131,1
131,1
130,1
131,1
130,1
128,1
131,1
129,1
131,1
129,1
130,1
130,1
129,1
130,1
130,1
130,1
130,1
130,1
130,1
131,1
130,1
132,1
131,1
129,1
130,1
128,1
131,1
129,1
130,1
129,1
130,1
130,1
130,1
130,1
130,1
130,1
130,1
130,1
130,1
130,1
130,1
130,1
130,1
130,1
130,1
130,1
130,1
130,1
130,1
130,1
130,1
130,1
130,1
130,1
130,1
136,1
37,1
185,1
79,1
185,1
101,1
133,1
125,1
123,1
133,1
134,1
131,1
130,1
133,1
124,1
135,1
126,1
133,1
129,1
130,1
129,1
130,1
129,1
129,1
130,1
129,1
131,1
130,1
130,1
130,1
130,1
128,1
91,1
180,1
78,1
175,1
94,1
145,1
123,1
133,1
129,1
134,1
124,1
132,1
127,1
129,1
132,1
128,1
133,1
129,1
131,1
128,1
133,1
128,1
132,1
129,1
130,1
130,1
130,1
129,1
129,1
129,1
130,1
130,1
130,1
130,1
130,1
130,1
130,1
130,1
130,1
130,1
130,1
130,1
130,1
129,1
130,1
129,1
130,1
130,1
130,1
130,1
130,1
130,1
130,1
130,1
130,1
130,1
130,1
130,1
130,1
130,1
130,1
129,1
130,1
129,1
130,1
129,1
130,1
130,1
130,1
130,1
130,1
130,1
130,1
130,1
130,1
130,1
130,1
130,1
130,1
130,1
129,1
130,1
130,1
130,1
130,1
130,1
130,1
130,1
130,1
130,1
162,1
58,1
180,1
99,1
156,1
129,1
112,1
138,1
122,1
136,1
132,1
133,1
125,1
135,1
124,1
134,1
129,1
131,1
130,1
130,1
129,1
130,1
129,1
129,1
130,1
129,1
130,1
130,1
130,1
130,1
125,1
178,1
75,1
184,1
66,1
166,1
110,1
137,1
131,1
130,1
127,1
131,1
126,1
129,1
131,1
127,1
135,1
130,1
130,1
130,1
129,1
131,1
130,1
130,1
130,1
130,1
129,1
129,1
129,1
129,1
128,1
130,1
129,1
130,1
129,1
131,1
130,1
130,1
131,1
129,1
130,1
129,1
130,1
129,1
130,1
129,1
130,1
129,1
129,1
130,1
129,1
130,1
130,1
131,1
129,1
131,1
131,1
130,1
130,1
129,1
129,1
130,1
129,1
130,1
129,1
130,1
130,1
129,1
131,1
130,1
131,1
129,1
130,1
129,1
131,1
129,1
130,1
130,1
129,1
132,1
128,1
131,1
129,1
129,1
129,1
130,1
129,1
131,1
129,1
130,1
129,1
130,1
113,1
126,1
141,1
111,1
113,1
148,1
109,1
145,1
125,1
134,1
126,1
134,1
122,1
136,1
126,1
133,1
130,1
129,1
130,1
129,1
129,1
129,1
130,1
128,1
130,1
129,1
130,1
130,1
130,1
130,1
106,1
180,1
67,1
177,1
77,1
152,1
127,1
130,1
135,1
126,1
127,1
128,1
130,1
125,1
137,1
124,1
133,1
128,1
131,1
131,1
130,1
131,1
130,1
130,1
129,1
130,1
128,1
130,1
129,1
129,1
129,1
130,1
129,1
130,1
130,1
129,1
131,1
129,1
130,1
129,1
130,1
130,1
130,1
129,1
130,1
129,1
130,1
129,1
129,1
130,1
130,1
130,1
130,1
130,1
130,1
130,1
130,1
129,1
130,1
130,1
129,1
130,1
129,1
130,1
130,1
130,1
130,1
130,1
129,1
130,1
130,1
130,1
130,1
129,1
130,1
129,1
130,1
129,1
130,1
129,1
130,1
129,1
130,1
129,1
130,1
129,1
130,1
129,1
130,1
129,1
130,1
129,1
180,1
148,1
92,1
146,1
79,1
167,1
111,1
147,1
124,1
130,1
123,1
135,1
124,1
136,1
129,1
130,1
131,1
127,1
130,1
128,1
130,1
128,1
130,1
128,1
130,1
129,1
130,1
130,1
130,1
130,1
116,1
159,1
87,1
156,1
121,1
125,1
146,1
118,1
135,1
125,1
129,1
127,1
135,1
124,1
135,1
126,1
130,1
130,1
130,1
130,1
131,1
130,1
130,1
130,1
129,1
130,1
129,1
130,1
129,1
129,1
129,1
130,1
129,1
130,1
129,1
130,1
129,1
130,1
129,1
130,1
129,1
130,1
130,1
129,1
130,1
129,1
130,1
129,1
130,1
129,1
130,1
129,1
130,1
130,1
129,1
130,1
130,1
130,1
130,1
129,1
130,1
129,1
129,1
130,1
129,1
129,1
130,1
129,1
130,1
129,1
130,1
129,1
130,1
130,1
129,1
129,1
130,1
129,1
129,1
130,1
129,1
130,1
130,1
129,1
130,1
129,1
130,1
129,1
130,1
129,1
129,1
129,1
101,1
178,1
64,1
174,1
74,1
168,1
115,1
138,1
125,1
129,1
124,1
136,1
128,1
133,1
132,1
126,1
131,1
128,1
130,1
129,1
130,1
128,1
130,1
128,1
130,1
129,1
130,1
130,1
130,1
129,1
98,1
129,1
131,1
128,1
156,1
104,1
150,1
113,1
134,1
126,1
133,1
125,1
136,1
123,1
132,1
128,1
129,1
131,1
130,1
130,1
130,1
130,1
129,1
131,1
129,1
130,1
129,1
129,1
129,1
129,1
129,1
130,1
129,1
130,1
130,1
130,1
130,1
130,1
130,1
129,1
130,1
129,1
130,1
129,1
129,1
129,1
129,1
129,1
130,1
129,1
130,1
130,1
130,1
130,1
130,1
129,1
130,1
129,1
130,1
129,1
129,1
129,1
129,1
129,1
129,1
129,1
130,1
129,1
130,1
130,1
130,1
129,1
130,1
129,1
130,1
130,1
129,1
130,1
129,1
129,1
129,1
129,1
129,1
129,1
130,1
129,1
130,1
130,1
130,1
130,1
130,1
132,1
98,1
183,1
67,1
187,1
87,1
148,1
120,1
127,1
130,1
132,1
129,1
134,1
131,1
127,1
134,1
125,1
132,1
128,1
130,1
129,1
129,1
128,1
129,1
129,1
129,1
130,1
130,1
130,1
130,1
129,1
140,1
101,1
168,1
97,1
174,1
92,1
147,1
116,1
133,1
128,1
135,1
123,1
134,1
125,1
129,1
131,1
128,1
132,1
129,1
131,1
129,1
131,1
129,1
130,1
129,1
129,1
129,1
129,1
129,1
129,1
129,1
129,1
130,1
129,1
130,1
130,1
130,1
130,1
130,1
130,1
130,1
129,1
130,1
129,1
129,1
129,1
129,1
129,1
129,1
129,1
129,1
129,1
129,1
130,1
130,1
130,1
129,1
130,1
130,1
129,1
129,1
129,1
129,1
129,1
129,1
129,1
129,1
129,1
130,1
129,1
130,1
130,1
130,1
130,1
130,1
130,1
129,1
129,1
129,1
129,1
129,1
130,1
129,1
130,1
129,1
130,1
129,1
129,1
129,1
130,1
130,1
136,1
35,1
185,1
80,1
184,1
102,1
130,1
125,1
122,1
133,1
134,1
130,1
130,1
132,1
124,1
134,1
126,1
132,1
129,1
129,1
129,1
129,1
128,1
129,1
129,1
129,1
130,1
129,1
129,1
130,1
128,1
150,1
81,1
183,1
69,1
173,1
97,1
141,1
127,1
131,1
129,1
133,1
124,1
130,1
128,1
126,1
133,1
128,1
131,1
130,1
130,1
129,1
131,1
128,1
131,1
128,1
130,1
129,1
129,1
129,1
129,1
129,1
129,1
131,1
129,1
129,1
130,1
128,1
131,1
128,1
130,1
129,1
130,1
129,1
129,1
130,1
129,1
131,1
129,1
129,1
130,1
128,1
131,1
128,1
130,1
129,1
130,1
129,1
130,1
129,1
129,1
131,1
129,1
129,1
130,1
127,1
131,1
128,1
130,1
129,1
130,1
129,1
130,1
130,1
129,1
131,1
129,1
129,1
130,1
128,1
131,1
128,1
130,1
129,1
129,1
129,1
129,1
129,1
130,1
130,1
128,1
130,1
151,1
81,1
170,1
98,1
147,1
133,1
110,1
140,1
122,1
136,1
130,1
134,1
122,1
136,1
123,1
133,1
130,1
129,1
130,1
128,1
128,1
129,1
129,1
128,1
130,1
129,1
130,1
131,1
128,1
132,1
117,1
181,1
70,1
182,1
65,1
162,1
114,1
135,1
132,1
129,1
125,1
130,1
126,1
127,1
134,1
124,1
134,1
127,1
131,1
129,1
130,1
129,1
131,1
128,1
130,1
130,1
127,1
130,1
126,1
131,1
128,1
130,1
129,1
130,1
129,1
128,1
129,1
130,1
128,1
130,1
128,1
130,1
130,1
128,1
129,1
128,1
129,1
129,1
129,1
129,1
130,1
129,1
130,1
129,1
131,1
129,1
128,1
130,1
128,1
131,1
128,1
130,1
128,1
129,1
129,1
129,1
129,1
129,1
129,1
130,1
129,1
130,1
129,1
129,1
129,1
129,1
129,1
129,1
129,1
129,1
129,1
129,1
129,1
129,1
130,1
129,1
129,1
129,1
129,1
129,1
130,1
129,1
160,1
130,1
118,1
125,1
95,1
159,1
107,1
148,1
123,1
131,1
124,1
134,1
122,1
136,1
127,1
132,1
131,1
128,1
130,1
128,1
129,1
128,1
130,1
128,1
130,1
128,1
130,1
129,1
130,1
129,1
109,1
183,1
66,1
174,1
87,1
145,1
134,1
126,1
135,1
125,1
126,1
127,1
130,1
125,1
135,1
125,1
131,1
129,1
129,1
131,1
129,1
130,1
130,1
130,1
129,1
130,1
129,1
129,1
129,1
129,1
129,1
129,1
129,1
129,1
129,1
129,1
130,1
129,1
130,1
130,1
129,1
130,1
129,1
129,1
129,1
129,1
129,1
129,1
129,1
129,1
129,1
129,1
129,1
129,1
129,1
129,1
129,1
129,1
129,1
130,1
129,1
129,1
129,1
129,1
129,1
129,1
129,1
129,1
129,1
129,1
129,1
129,1
129,1
129,1
129,1
129,1
129,1
129,1
129,1
129,1
129,1
129,1
129,1
129,1
129,1
129,1
129,1
129,1
129,1
129,1
129,1
130,1
160,1
153,1
76,1
156,1
73,1
170,1
112,1
144,1
123,1
129,1
122,1
135,1
125,1
134,1
130,1
128,1
131,1
127,1
130,1
128,1
129,1
128,1
130,1
128,1
130,1
128,1
129,1
129,1
129,1
130,1
90,1
148,1
101,1
146,1
135,1
117,1
149,1
115,1
134,1
124,1
130,1
125,1
135,1
123,1
134,1
127,1
129,1
130,1
130,1
132,1
129,1
131,1
128,1
131,1
128,1
130,1
128,1
129,1
128,1
129,1
128,1
129,1
129,1
129,1
129,1
129,1
130,1
129,1
130,1
129,1
129,1
129,1
129,1
129,1
129,1
129,1
129,1
129,1
129,1
129,1
129,1
129,1
129,1
130,1
129,1
130,1
129,1
129,1
129,1
129,1
129,1
129,1
129,1
129,1
128,1
129,1
129,1
129,1
129,1
129,1
129,1
129,1
129,1
129,1
129,1
129,1
129,1
129,1
129,1
129,1
129,1
129,1
129,1
129,1
129,1
129,1
129,1
129,1
129,1
129,1
130,1
129,1
82,1
180,1
61,1
179,1
73,1
165,1
115,1
135,1
125,1
129,1
124,1
136,1
128,1
131,1
132,1
126,1
132,1
127,1
130,1
128,1
130,1
128,1
130,1
128,1
129,1
129,1
129,1
129,1
129,1
129,1
112,1
122,1
142,1
121,1
162,1
100,1
150,1
111,1
135,1
125,1
134,1
124,1
135,1
123,1
130,1
128,1
128,1
131,1
129,1
130,1
129,1
129,1
130,1
129,1
130,1
129,1
129,1
129,1
128,1
129,1
128,1
129,1
131,1
128,1
131,1
128,1
130,1
129,1
129,1
131,1
128,1
130,1
129,1
129,1
129,1
129,1
128,1
129,1
130,1
129,1
128,1
130,1
127,1
131,1
129,1
130,1
129,1
130,1
129,1
129,1
129,1
129,1
128,1
130,1
128,1
130,1
127,1
130,1
129,1
129,1
129,1
129,1
130,1
129,1
129,1
129,1
128,1
130,1
128,1
131,1
128,1
129,1
129,1
129,1
129,1
129,1
129,1
129,1
129,1
130,1
128,1
135,1
88,1
183,1
68,1
187,1
88,1
145,1
120,1
125,1
130,1
133,1
128,1
135,1
131,1
128,1
130,1
126,1
131,1
129,1
130,1
129,1
129,1
128,1
128,1
128,1
129,1
129,1
128,1
131,1
127,1
131,1
130,1
96,1
174,1
87,1
177,1
87,1
148,1
116,1
134,1
130,1
135,1
121,1
134,1
124,1
128,1
130,1
127,1
134,1
128,1
131,1
128,1
130,1
128,1
131,1
126,1
131,1
130,1
130,1
127,1
129,1
130,1
127,1
130,1
128,1
130,1
129,1
129,1
129,1
130,1
128,1
131,1
128,1
130,1
128,1
127,1
133,1
124,1
132,1
127,1
135,1
127,1
133,1
125,1
134,1
123,1
132,1
128,1
134,1
129,1
131,1
127,1
130,1
128,1
128,1
130,1
128,1
130,1
128,1
130,1
128,1
130,1
128,1
130,1
129,1
130,1
129,1
129,1
129,1
129,1
129,1
129,1
129,1
129,1
128,1
129,1
129,1
129,1
129,1
129,1
130,1
129,1
143,1
20,1
188,0
83,0
179,0
114,0
116,0
134,0
116,0
139,0
130,0
133,0
127,0
132,0
127,0
131,0
131,0
125,0
133,0
127,0
130,0
130,0
127,0
129,0
128,0
129,0
129,0
130,0
129,0
130,0
127,0
157,0
84,0
176,0
84,0
160,0
113,0
132,0
133,0
127,0
129,0
130,0
125,0
127,0
131,0
122,0
133,0
126,0
132,0
129,0
130,0
130,0
130,0
129,0
130,0
129,0
129,0
129,0
128,0
129,0
129,0
128,0
129,0
129,0
129,0
129,0
129,0
130,0
130,0
129,0
129,0
129,0
129,0
129,0
129,0
129,0
128,0
129,0
128,0
129,0
129,0
129,0
129,0
129,0
130,0
129,0
129,0
129,0
129,0
129,0
129,0
129,0
129,0
129,0
129,0
129,0
129,0
129,0
129,0
129,0
129,0
129,0
129,0
129,0
129,0
129,0
129,0
129,0
129,0
129,0
129,0
129,0
129,0
129,0
128,0
129,0
129,0
129,0
129,0
129,0
129,0
129,0
133,0
103,0
153,0
108,0
128,0
144,0
106,0
143,0
122,0
132,0
129,0
132,0
123,0
136,0
124,0
133,0
130,0
129,0
130,0
128,0
128,0
129,0
129,0
128,0
129,0
128,0
129,0
129,0
129,0
129,0
113,0
178,0
73,0
171,0
87,0
144,0
133,0
123,0
139,0
123,0
128,0
127,0
128,0
125,0
133,0
125,0
132,0
129,0
129,0
130,0
130,0
129,0
130,0
129,0
129,0
129,0
128,0
129,0
128,0
128,0
129,0
128,0
129,0
129,0
129,0
129,0
129,0
129,0
130,0
129,0
129,0
129,0
129,0
129,0
129,0
129,0
128,0
129,0
128,0
129,0
129,0
129,0
129,0
129,0
129,0
129,0
130,0
129,0
129,0
129,0
129,0
129,0
129,0
129,0
129,0
129,0
128,0
129,0
129,0
129,0
129,0
129,0
129,0
129,0
129,0
129,0
129,0
129,0
129,0
129,0
129,0
129,0
129,0
129,0
129,0
129,0
129,0
129,0
129,0
129,0
129,0
129,0
166,0
123,0
107,0
134,0
91,0
163,0
109,0
145,0
123,0
130,0
123,0
135,0
122,0
136,0
128,0
129,0
132,0
126,0
131,0
128,0
129,0
128,0
130,0
127,0
130,0
128,0
129,0
129,0
129,0
129,0
125,0
173,0
80,0
159,0
114,0
124,0
150,0
113,0
140,0
121,0
130,0
124,0
135,0
122,0
136,0
124,0
131,0
128,0
129,0
130,0
130,0
129,0
129,0
130,0
128,0
130,0
128,0
129,0
128,0
129,0
128,0
129,0
129,0
129,0
129,0
129,0
129,0
129,0
129,0
129,0
129,0
129,0
129,0
128,0
129,0
129,0
129,0
129,0
129,0
129,0
129,0
129,0
129,0
129,0
129,0
129,0
129,0
129,0
129,0
129,0
128,0
129,0
128,0
129,0
129,0
129,0
129,0
129,0
129,0
129,0
129,0
129,0
128,0
129,0
129,0
129,0
129,0
129,0
129,0
129,0
129,0
129,0
128,0
129,0
129,0
129,0
129,0
129,0
129,0
129,0
129,0
129,0
148,0
162,0
82,0
154,0
82,0
162,0
119,0
136,0
127,0
126,0
124,0
135,0
127,0
132,0
132,0
124,0
133,0
125,0
130,0
127,0
130,0
127,0
130,0
127,0
129,0
129,0
129,0
130,0
129,0
129,0
90,0
141,0
113,0
137,0
144,0
105,0
154,0
109,0
138,0
122,0
133,0
123,0
137,0
121,0
135,0
126,0
128,0
131,0
127,0
132,0
128,0
130,0
128,0
130,0
127,0
130,0
128,0
129,0
128,0
128,0
127,0
130,0
127,0
131,0
129,0
129,0
129,0
129,0
129,0
129,0
129,0
129,0
128,0
130,0
129,0
128,0
129,0
127,0
130,0
128,0
130,0
129,0
129,0
129,0
129,0
128,0
129,0
128,0
130,0
127,0
130,0
128,0
129,0
129,0
128,0
129,0
129,0
129,0
131,0
128,0
131,0
129,0
129,0
129,0
128,0
130,0
128,0
130,0
128,0
129,0
128,0
129,0
130,0
128,0
128,0
130,0
128,0
131,0
128,0
130,0
129,0
129,0
81,0
180,0
80,0
174,0
92,0
143,0
128,0
124,0
132,0
128,0
127,0
132,0
131,0
125,0
135,0
122,0
133,0
126,0
130,0
129,0
129,0
128,0
130,0
127,0
130,0
128,0
129,0
130,0
128,0
129,0
124,0
121,0
147,0
115,0
163,0
97,0
148,0
115,0
133,0
128,0
133,0
124,0
134,0
124,0
129,0
130,0
126,0
131,0
129,0
128,0
129,0
129,0
127,0
131,0
127,0
130,0
129,0
129,0
130,0
128,0
130,0
128,0
130,0
128,0
129,0
129,0
128,0
130,0
128,0
129,0
129,0
129,0
128,0
128,0
129,0
126,0
131,0
127,0
130,0
129,0
128,0
130,0
128,0
129,0
129,0
128,0
129,0
128,0
128,0
130,0
127,0
131,0
128,0
129,0
129,0
128,0
129,0
129,0
128,0
129,0
129,0
128,0
131,0
130,0
127,0
131,0
126,0
130,0
128,0
129,0
129,0
128,0
129,0
129,0
128,0
130,0
129,0
128,0
129,0
127,0
130,0
133,0
50,1
183,1
91,1
175,1
116,1
114,1
139,1
114,1
139,1
129,1
131,1
126,1
134,1
120,1
136,1
123,1
132,1
128,1
129,1
128,1
129,1
128,1
129,1
129,1
128,1
130,1
128,1
130,1
128,1
129,1
120,1
93,1
174,1
86,1
165,1
103,1
136,1
129,1
127,1
132,1
131,1
126,1
128,1
131,1
124,1
134,1
125,1
131,1
128,1
129,1
128,1
130,1
128,1
130,1
128,1
129,1
129,1
129,1
129,1
128,1
129,1
129,1
129,1
129,1
129,1
129,1
129,1
128,1
129,1
128,1
129,1
129,1
129,1
128,1
129,1
128,1
129,1
128,1
128,1
129,1
128,1
130,1
128,1
130,1
128,1
129,1
128,1
129,1
128,1
129,1
129,1
129,1
129,1
129,1
129,1
129,1
129,1
129,1
129,1
129,1
129,1
129,1
129,1
129,1
129,1
129,1
129,1
129,1
129,1
129,1
128,1
129,1
129,1
128,1
129,1
128,1
129,1
129,1
128,1
129,1
128,1
147,1
49,1
174,1
105,1
151,1
141,1
101,1
146,1
114,1
139,1
128,1
133,1
120,1
136,1
120,1
135,1
127,1
129,1
129,1
128,1
128,1
129,1
129,1
128,1
131,1
127,1
130,1
127,1
130,1
128,1
126,1
172,1
77,1
176,1
81,1
152,1
122,1
123,1
139,1
122,1
132,1
129,1
129,1
125,1
135,1
121,1
136,1
124,1
131,1
128,1
129,1
128,1
129,1
128,1
129,1
129,1
128,1
130,1
128,1
129,1
128,1
129,1
128,1
129,1
128,1
129,1
129,1
129,1
129,1
129,1
129,1
129,1
129,1
129,1
129,1
129,1
129,1
129,1
129,1
129,1
129,1
128,1
129,1
129,1
129,1
129,1
129,1
129,1
129,1
128,1
129,1
128,1
129,1
128,1
129,1
128,1
129,1
129,1
129,1
129,1
129,1
129,1
129,1
129,1
129,1
129,1
129,1
129,1
128,1
129,1
131,1
126,1
130,1
127,1
129,1
128,1
129,1
128,1
129,1
128,1
128,1
128,1
74,1
33,1
165,1
179,1
159,1
175,1
103,1
117,1
126,1
126,1
130,1
132,1
125,1
135,1
129,1
130,1
132,1
127,1
132,1
128,1
131,1
129,1
132,1
128,1
131,1
129,1
130,1
129,1
131,1
129,1
108,1
174,1
57,1
136,1
122,1
155,1
151,1
95,1
156,1
112,1
138,1
122,1
139,1
114,1
140,1
123,1
133,1
126,1
129,1
130,1
130,1
130,1
129,1
131,1
130,1
129,1
130,1
129,1
130,1
130,1
129,1
131,1
129,1
130,1
130,1
129,1
131,1
128,1
131,1
128,1
131,1
129,1
130,1
129,1
130,1
129,1
130,1
129,1
130,1
130,1
130,1
130,1
129,1
130,1
130,1
130,1
130,1
130,1
130,1
130,1
130,1
130,1
130,1
130,1
130,1
130,1
130,1
129,1
130,1
130,1
130,1
130,1
129,1
130,1
129,1
130,1
129,1
130,1
129,1
130,1
129,1
130,1
129,1
130,1
129,1
130,1
130,1
130,1
130,1
130,1
129,1
130,1
35,1
103,1
51,1
21,1
154,1
118,1
140,1
110,1
150,1
113,1
140,1
128,1
134,1
129,1
137,1
124,1
138,1
125,1
136,1
129,1
133,1
129,1
133,1
129,1
133,1
131,1
132,1
131,1
131,1
131,1
168,1
87,1
8,1
174,1
99,1
133,1
138,1
126,1
129,1
135,1
129,1
132,1
136,1
127,1
135,1
130,1
130,1
134,1
129,1
133,1
130,1
133,1
130,1
133,1
130,1
133,1
130,1
132,1
131,1
132,1
131,1
132,1
141,1
129,1
126,1
129,1
131,1
131,1
130,1
132,1
131,1
132,1
131,1
132,1
130,1
132,1
131,1
132,1
131,1
131,1
131,1
131,1
132,1
131,1
131,1
131,1
132,1
131,1
132,1
131,1
132,1
131,1
131,1
131,1
131,1
131,1
131,1
131,1
131,1
131,1
131,1
131,1
131,1
131,1
131,1
131,1
132,1
131,1
132,1
131,1
132,1
130,1
133,1
130,1
133,1
130,1
132,1
131,1
132,1
131,1
131,1
131,1
159,1
143,1
25,1
200,1
79,1
197,1
87,1
136,1
130,1
139,1
127,1
142,1
128,1
134,1
135,1
128,1
138,1
130,1
135,1
133,1
134,1
133,1
133,1
134,1
132,1
135,1
132,1
134,1
133,1
134,1
145,1
144,1
62,1
186,1
120,1
136,1
148,1
125,1
132,1
133,1
134,1
137,1
139,1
131,1
134,1
137,1
128,1
138,1
130,1
137,1
133,1
136,1
131,1
136,1
133,1
135,1
134,1
134,1
135,1
133,1
135,1
134,1
135,1
134,1
135,1
133,1
136,1
133,1
134,1
125,1
135,1
135,1
133,1
134,1
134,1
135,1
134,1
134,1
134,1
134,1
133,1
134,1
134,1
134,1
134,1
134,1
134,1
134,1
134,1
134,1
133,1
134,1
134,1
134,1
136,1
135,1
130,1
134,1
134,1
134,1
132,1
135,1
133,1
135,1
133,1
134,1
133,1
134,1
136,1
135,1
136,1
132,1
136,1
134,1
132,1
134,1
133,1
134,1
134,1
134,1
133,1
136,1
202,1
200,1
109,1
197,1
67,1
178,1
114,1
142,1
132,1
142,1
130,1
142,1
133,1
134,1
140,1
132,1
139,1
136,1
136,1
136,1
136,1
136,1
136,1
136,1
136,1
136,1
135,1
137,1
128,1
134,1
32,1
198,1
96,1
156,1
128,1
147,1
124,1
143,1
124,1
147,1
136,1
140,1
136,1
140,1
143,1
142,1
130,1
142,1
134,1
139,1
135,1
138,1
134,1
138,1
137,1
137,1
135,1
136,1
143,1
132,1
136,1
137,1
138,1
136,1
137,1
136,1
136,1
136,1
138,1
136,1
135,1
136,1
143,1
133,1
135,1
137,1
137,1
136,1
137,1
137,1
136,1
137,1
137,1
140,1
137,1
136,1
142,1
137,1
136,1
137,1
137,1
136,1
137,1
136,1
137,1
137,1
137,1
137,1
136,1
137,1
140,1
138,1
135,1
138,1
136,1
136,1
137,1
135,1
137,1
136,1
137,1
136,1
139,1
137,1
140,1
134,1
136,1
136,1
137,1
135,1
138,1
142,1
177,1
127,1
132,1
160,1
147,1
121,1
154,1
125,1
147,1
135,1
143,1
133,1
145,1
130,1
145,1
135,1
139,1
137,1
139,1
139,1
138,1
137,1
134,1
142,1
134,1
140,1
137,1
138,1
139,1
140,1
148,1
178,1
150,1
130,1
134,1
152,1
112,1
159,1
127,1
151,1
136,1
143,1
131,1
146,1
131,1
146,1
133,1
142,1
127,1
140,1
137,1
142,1
136,1
142,1
138,1
140,1
140,1
137,1
139,1
138,1
138,1
123,1
140,1
140,1
139,1
138,1
140,1
138,1
139,1
139,1
139,1
139,1
139,1
137,1
139,1
139,1
139,1
144,1
140,1
139,1
140,1
139,1
138,1
140,1
137,1
141,1
137,1
139,1
139,1
139,1
139,1
139,1
138,1
139,1
138,1
139,1
138,1
139,1
139,1
138,1
139,1
138,1
138,1
138,1
139,1
139,1
139,1
138,1
139,1
139,1
138,1
139,1
138,1
140,1
138,1
139,1
138,1
139,1
138,1
139,1
139,1
191,1
60,1
122,1
179,1
81,1
174,1
102,1
172,1
122,1
153,1
131,1
149,1
129,1
151,1
133,1
146,1
139,1
140,1
141,1
140,1
140,1
141,1
141,1
139,1
142,1
139,1
141,1
140,1
141,1
140,1
135,1
207,1
60,1
187,1
124,1
122,1
162,1
113,1
168,1
112,1
145,1
135,1
146,1
131,1
152,1
133,1
149,1
138,1
142,1
140,1
142,1
140,1
142,1
141,1
140,1
142,1
140,1
142,1
139,1
142,1
140,1
142,1
140,1
142,1
140,1
142,1
141,1
141,1
141,1
141,1
141,1
141,1
141,1
141,1
141,1
141,1
141,1
141,1
141,1
141,1
141,1
141,1
141,1
141,1
141,1
141,1
141,1
141,1
141,1
141,1
140,1
141,1
140,1
142,1
139,1
142,1
140,1
141,1
140,1
141,1
140,1
141,1
141,1
141,1
141,1
141,1
141,1
141,1
141,1
141,1
141,1
140,1
141,1
141,1
141,1
141,1
141,1
141,1
141,1
141,1
141,1
141,1
97,1
158,1
198,1
190,1
66,1
195,1
106,1
166,1
130,1
148,1
134,1
151,1
133,1
151,1
138,1
143,1
143,1
140,1
144,1
142,1
143,1
142,1
144,1
141,1
143,1
142,1
143,1
142,1
142,1
142,1
133,1
183,1
46,1
192,1
123,1
129,1
170,1
123,1
162,1
133,1
145,1
137,1
149,1
136,1
152,1
139,1
145,1
143,1
142,1
144,1
143,1
144,1
143,1
144,1
142,1
144,1
142,1
144,1
143,1
143,1
143,1
143,1
143,1
143,1
143,1
143,1
143,1
143,1
143,1
142,1
144,1
142,1
144,1
142,1
144,1
142,1
143,1
142,1
143,1
142,1
143,1
143,1
143,1
143,1
142,1
143,1
142,1
143,1
143,1
143,1
143,1
143,1
143,1
143,1
143,1
143,1
143,1
143,1
143,1
143,1
143,1
143,1
143,1
142,1
143,1
142,1
143,1
141,1
144,1
141,1
143,1
142,1
142,1
142,1
142,1
142,1
142,1
142,1
142,1
142,1
142,1
142,1
120,1
209,1
59,1
184,1
104,1
187,1
121,1
150,1
140,1
144,1
139,1
151,1
140,1
147,1
145,1
140,1
147,1
141,1
146,1
143,1
144,1
143,1
144,1
143,1
144,1
144,1
143,1
144,1
143,1
144,1
197,1
84,1
97,1
192,1
121,1
148,1
158,1
138,1
152,1
140,1
144,1
135,1
150,1
143,1
146,1
144,1
141,1
148,1
142,1
146,1
144,1
145,1
141,1
145,1
143,1
136,1
144,1
145,1
143,1
145,1
143,1
145,1
143,1
145,1
144,1
144,1
145,1
144,1
158,1
144,1
145,1
144,1
143,1
144,1
144,1
144,1
143,1
144,1
143,1
143,1
143,1
144,1
146,1
140,1
143,1
144,1
145,1
144,1
144,1
144,1
143,1
144,1
144,1
141,1
146,1
141,1
144,1
143,1
144,1
143,1
144,1
143,1
144,1
143,1
144,1
143,1
144,1
144,1
144,1
138,1
145,1
142,1
142,1
143,1
143,1
143,1
144,1
143,1
144,1
143,1
145,1
143,1
192,1
182,1
96,1
156,1
136,1
164,1
136,1
138,1
145,1
147,1
145,1
149,1
127,1
141,1
151,1
140,1
151,1
140,1
147,1
143,1
146,1
143,1
145,1
143,1
146,1
143,1
144,1
147,1
145,1
139,1
111,1
160,1
111,1
188,1
131,1
159,1
144,1
151,1
132,1
150,1
142,1
148,1
135,1
147,1
141,1
151,1
137,1
151,1
141,1
148,1
144,1
146,1
144,1
147,1
136,1
145,1
144,1
148,1
142,1
145,1
145,1
146,1
144,1
146,1
145,1
144,1
146,1
145,1
147,1
145,1
148,1
141,1
145,1
145,1
145,1
145,1
145,1
145,1
145,1
145,1
145,1
146,1
143,1
144,1
146,1
144,1
146,1
148,1
145,1
146,1
143,1
146,1
143,1
146,1
144,1
145,1
144,1
145,1
145,1
144,1
145,1
144,1
145,1
144,1
145,1
144,1
144,1
145,1
144,1
145,1
144,1
145,1
144,1
145,1
144,1
144,1
144,1
144,1
144,1
144,1
144,1
147,1
214,1
67,1
165,1
160,1
155,1
125,1
153,1
132,1
156,1
144,1
149,1
141,1
151,1
136,1
153,1
138,1
150,1
144,1
145,1
145,1
146,1
145,1
145,1
146,1
145,1
146,1
145,1
146,1
145,1
146,1
80,1
209,1
140,1
154,1
143,1
158,1
126,1
160,1
129,1
158,1
144,1
150,1
143,1
150,1
138,1
153,1
141,1
149,1
145,1
146,1
145,1
146,1
145,1
146,1
146,1
145,1
146,1
145,1
146,1
146,1
146,1
145,1
146,1
146,1
146,1
146,1
145,1
146,1
146,1
146,1
146,1
146,1
146,1
146,1
146,1
146,1
146,1
146,1
145,1
146,1
145,1
146,1
145,1
146,1
145,1
145,1
146,1
145,1
146,1
145,1
146,1
145,1
146,1
145,1
145,1
145,1
145,1
145,1
145,1
145,1
145,1
145,1
145,1
145,1
145,1
145,1
145,1
145,1
145,1
145,1
145,1
145,1
145,1
146,1
144,1
146,1
144,1
146,1
144,1
145,1
145,1
168,1
144,1
94,1
170,1
140,1
159,1
113,1
169,1
135,1
158,1
141,1
150,1
137,1
154,1
138,1
152,1
144,1
146,1
146,1
145,1
146,1
146,1
146,1
146,1
147,1
145,1
147,1
145,1
147,1
145,1
150,1
188,1
128,1
190,1
113,1
147,1
158,1
116,1
170,1
132,1
159,1
142,1
151,1
138,1
154,1
138,1
153,1
143,1
149,1
145,1
147,1
146,1
147,1
146,1
146,1
147,1
146,1
147,1
146,1
147,1
146,1
147,1
146,1
147,1
146,1
146,1
146,1
146,1
147,1
146,1
146,1
146,1
146,1
146,1
146,1
146,1
146,1
146,1
146,1
146,1
146,1
146,1
146,1
146,1
146,1
146,1
146,1
146,1
146,1
146,1
146,1
146,1
146,1
146,1
146,1
146,1
145,1
147,1
145,1
146,1
146,1
150,1
147,1
149,1
145,1
146,1
145,1
146,1
146,1
145,1
146,1
145,1
145,1
146,1
146,1
146,1
146,1
146,1
145,1
145,1
146,1
146,1
182,1
61,1
186,1
188,1
93,1
182,1
110,1
178,1
135,1
153,1
139,1
153,1
137,1
156,1
141,1
150,1
146,1
145,1
147,1
146,1
147,1
146,1
147,1
145,1
147,1
146,1
147,1
146,1
146,1
146,1
133,1
214,1
35,1
198,1
116,1
139,1
164,1
122,1
171,1
137,1
154,1
140,1
151,1
138,1
155,1
140,1
153,1
139,1
149,1
148,1
147,1
146,1
147,1
147,1
147,1
146,1
146,1
147,1
146,1
146,1
147,1
141,1
148,1
145,1
148,1
145,1
148,1
146,1
147,1
146,1
147,1
146,1
148,1
146,1
145,1
145,1
146,1
148,1
145,1
148,1
144,1
147,1
145,1
147,1
146,1
146,1
149,1
146,1
157,1
144,1
147,1
146,1
147,1
146,1
147,1
146,1
146,1
146,1
146,1
141,1
146,1
145,1
142,1
146,1
147,1
145,1
146,1
145,1
147,1
145,1
146,1
146,1
147,1
146,1
147,1
155,1
147,1
147,1
146,1
146,1
145,1
146,1
85,1
153,1
153,1
191,1
58,1
196,1
120,1
162,1
140,1
146,1
142,1
152,1
140,1
155,1
142,1
148,1
148,1
144,1
152,1
145,1
138,1
147,1
146,1
147,1
146,1
146,1
148,1
143,1
149,1
144,1
158,1
159,1
68,1
181,1
130,1
138,1
165,1
136,1
160,1
142,1
146,1
143,1
152,1
141,1
153,1
145,1
146,1
149,1
141,1
149,1
147,1
147,1
147,1
146,1
146,1
148,1
145,1
147,1
147,1
148,1
146,1
147,1
148,1
143,1
146,1
147,1
146,1
146,1
147,1
146,1
146,1
146,1
147,1
146,1
147,1
150,1
144,1
146,1
146,1
147,1
146,1
147,1
146,1
147,1
147,1
147,1
147,1
149,1
147,1
146,1
147,1
140,1
144,1
147,1
147,1
145,1
148,1
145,1
148,1
146,1
147,1
146,1
146,1
146,1
146,1
147,1
146,1
147,1
146,1
147,1
146,1
147,1
146,1
146,1
146,1
146,1
146,1
146,1
146,1
146,1
146,1
146,1
134,1
211,1
86,1
182,1
104,1
188,1
128,1
151,1
141,1
148,1
142,1
154,1
143,1
148,1
147,1
143,1
149,1
145,1
148,1
146,1
147,1
146,1
148,1
146,1
147,1
147,1
145,1
147,1
146,1
147,1
188,1
100,1
119,1
187,1
130,1
154,1
153,1
147,1
143,1
147,1
144,1
146,1
151,1
145,1
148,1
148,1
143,1
149,1
145,1
148,1
146,1
148,1
145,1
148,1
145,1
147,1
146,1
147,1
146,1
147,1
146,1
147,1
146,1
147,1
147,1
146,1
146,1
147,1
146,1
147,1
147,1
146,1
147,1
146,1
146,1
147,1
146,1
147,1
145,1
148,1
145,1
148,1
145,1
148,1
145,1
147,1
146,1
147,1
146,1
146,1
146,1
146,1
146,1
146,1
146,1
146,1
146,1
146,1
146,1
146,1
146,1
146,1
146,1
146,1
147,1
146,1
146,1
146,1
146,1
147,1
146,1
146,1
147,1
145,1
147,1
145,1
147,1
145,1
147,1
145,1
146,1
146,1
204,1
137,1
119,1
161,1
142,1
156,1
142,1
139,1
150,1
147,1
148,1
148,1
148,1
141,1
151,1
142,1
149,1
146,1
147,1
146,1
147,1
146,1
147,1
147,1
146,1
147,1
146,1
147,1
146,1
146,1
57,1
198,1
116,1
175,1
136,1
160,1
135,1
156,1
133,1
154,1
144,1
150,1
149,1
151,1
140,1
152,1
141,1
150,1
144,1
148,1
145,1
148,1
145,1
147,1
146,1
146,1
147,1
146,1
147,1
146,1
146,1
146,1
146,1
147,1
146,1
147,1
146,1
146,1
146,1
146,1
146,1
146,1
146,1
146,1
146,1
147,1
145,1
147,1
145,1
146,1
146,1
145,1
145,1
146,1
139,1
146,1
146,1
145,1
147,1
145,1
147,1
145,1
146,1
146,1
146,1
145,1
147,1
145,1
147,1
145,1
147,1
145,1
147,1
145,1
146,1
145,1
146,1
146,1
145,1
146,1
145,1
146,1
145,1
146,1
145,1
146,1
146,1
146,1
145,1
146,1
145,1
149,1
210,1
68,1
167,0
158,0
150,0
124,0
159,0
136,0
156,0
144,0
150,0
140,0
151,0
139,0
151,0
144,0
146,0
147,0
145,0
147,0
145,0
146,0
146,0
146,0
146,0
146,0
145,0
146,0
146,0
148,0
140,0
175,0
170,0
131,0
145,0
157,0
123,0
164,0
132,0
157,0
142,0
150,0
140,0
150,0
139,0
149,0
143,0
151,0
143,0
148,0
143,0
148,0
144,0
146,0
146,0
145,0
147,0
145,0
146,0
146,0
146,0
146,0
146,0
146,0
145,0
146,0
145,0
146,0
145,0
146,0
145,0
146,0
145,0
145,0
146,0
146,0
145,0
146,0
145,0
146,0
145,0
146,0
145,0
146,0
145,0
144,0
146,0
148,0
141,0
146,0
145,0
146,0
145,0
146,0
145,0
146,0
145,0
146,0
144,0
146,0
145,0
146,0
145,0
146,0
145,0
145,0
145,0
145,0
145,0
145,0
145,0
145,0
145,0
144,0
145,0
150,0
141,0
145,0
145,0
145,0
145,0
182,0
102,0
145,0
169,0
127,0
162,0
119,0
167,0
138,0
152,0
141,0
150,0
138,0
153,0
140,0
149,0
145,0
145,0
147,0
145,0
145,0
146,0
146,0
145,0
146,0
145,0
146,0
145,0
145,0
146,0
144,0
203,0
72,0
188,0
120,0
142,0
152,0
124,0
165,0
135,0
153,0
140,0
150,0
138,0
152,0
139,0
150,0
143,0
146,0
145,0
145,0
145,0
145,0
145,0
145,0
146,0
144,0
146,0
144,0
146,0
145,0
146,0
145,0
146,0
139,0
146,0
145,0
145,0
145,0
146,0
144,0
146,0
144,0
146,0
145,0
148,0
145,0
144,0
145,0
145,0
145,0
144,0
146,0
144,0
146,0
144,0
145,0
145,0
145,0
146,0
145,0
145,0
147,0
145,0
145,0
145,0
146,0
144,0
146,0
144,0
145,0
145,0
145,0
140,0
144,0
145,0
138,0
146,0
144,0
145,0
144,0
144,0
145,0
144,0
145,0
144,0
145,0
145,0
145,0
144,0
140,0
145,0
127,0
124,0
175,0
181,0
86,0
184,0
117,0
167,0
135,0
161,0
134,0
159,0
138,0
152,0
143,0
145,0
147,0
143,0
146,0
146,0
145,0
145,0
146,0
158,0
144,0
148,0
139,0
148,0
142,0
147,0
128,0
202,0
74,0
177,0
129,0
139,0
158,0
129,0
158,0
133,0
148,0
140,0
148,0
139,0
150,0
142,0
146,0
145,0
144,0
145,0
144,0
148,0
145,0
145,0
149,0
147,0
145,0
145,0
143,0
145,0
144,0
145,0
144,0
144,0
144,0
143,0
145,0
142,0
143,0
144,0
145,0
143,0
145,0
143,0
145,0
144,0
144,0
144,0
144,0
143,0
143,0
144,0
138,0
144,0
143,0
145,0
143,0
144,0
144,0
144,0
145,0
143,0
145,0
139,0
145,0
143,0
142,0
145,0
144,0
144,0
144,0
143,0
145,0
144,0
144,0
144,0
144,0
147,0
145,0
144,0
144,0
144,0
147,0
143,0
144,0
144,0
144,0
143,0
144,0
143,0
144,0
143,0
42,1
195,1
103,1
181,1
97,1
182,1
128,1
151,1
140,1
143,1
141,1
148,1
142,1
146,1
145,1
141,1
146,1
142,1
145,1
144,1
145,1
143,1
145,1
143,1
144,1
144,1
144,1
144,1
144,1
144,1
195,1
91,1
104,1
173,1
130,1
146,1
150,1
142,1
144,1
143,1
141,1
143,1
145,1
144,1
140,1
145,1
140,1
146,1
141,1
145,1
143,1
145,1
143,1
144,1
143,1
144,1
143,1
144,1
144,1
143,1
144,1
144,1
144,1
144,1
143,1
144,1
144,1
143,1
144,1
143,1
144,1
143,1
143,1
143,1
144,1
143,1
143,1
144,1
143,1
144,1
143,1
144,1
143,1
144,1
143,1
144,1
143,1
144,1
143,1
143,1
143,1
143,1
143,1
143,1
143,1
143,1
143,1
143,1
144,1
143,1
143,1
143,1
143,1
143,1
143,1
143,1
143,1
143,1
143,1
143,1
143,1
143,1
143,1
143,1
143,1
143,1
144,1
142,1
144,1
142,1
144,1
142,1
169,1
185,1
102,1
158,1
129,1
161,1
135,1
141,1
143,1
144,1
142,1
146,1
143,1
141,1
145,1
140,1
145,1
142,1
144,1
143,1
144,1
142,1
143,1
143,1
143,1
144,1
143,1
143,1
143,1
144,1
75,1
174,1
118,1
172,1
130,1
154,1
137,1
150,1
134,1
148,1
141,1
144,1
143,1
145,1
140,1
146,1
143,1
144,1
142,1
144,1
142,1
143,1
142,1
143,1
143,1
143,1
143,1
143,1
143,1
142,1
143,1
142,1
143,1
142,1
143,1
143,1
143,1
142,1
144,1
141,1
144,1
142,1
143,1
142,1
143,1
143,1
143,1
143,1
143,1
142,1
143,1
142,1
143,1
143,1
142,1
143,1
142,1
143,1
142,1
143,1
143,1
143,1
143,1
142,1
142,1
143,1
142,1
147,1
143,1
142,1
143,1
144,1
141,1
143,1
141,1
144,1
140,1
144,1
141,1
143,1
142,1
142,1
142,1
142,1
140,1
141,1
142,1
142,1
142,1
142,1
142,1
144,1
208,1
75,1
146,1
154,1
145,1
135,1
145,1
137,1
148,1
143,1
144,1
140,1
145,1
138,1
145,1
140,1
146,1
142,1
143,1
145,1
145,1
141,1
143,1
141,1
143,1
141,1
143,1
142,1
142,1
141,1
39,1
182,0
135,0
150,0
145,0
153,0
129,0
153,0
131,0
149,0
139,0
145,0
140,0
146,0
137,0
147,0
138,0
144,0
141,0
143,0
141,0
143,0
141,0
142,0
142,0
142,0
143,0
141,0
143,0
141,0
142,0
142,0
142,0
142,0
142,0
142,0
141,0
142,0
141,0
142,0
141,0
142,0
141,0
142,0
142,0
142,0
142,0
142,0
142,0
142,0
142,0
142,0
142,0
142,0
141,0
142,0
141,0
142,0
142,0
142,0
142,0
141,0
142,0
142,0
141,0
142,0
141,0
143,0
140,0
143,0
141,0
142,0
141,0
142,0
141,0
142,0
141,0
141,0
141,0
141,0
141,0
141,0
141,0
141,0
142,0
141,0
141,0
141,0
141,0
141,0
142,0
151,0
159,0
106,0
148,0
140,0
148,0
125,0
153,0
135,0
147,0
140,0
143,0
137,0
145,0
137,0
144,0
140,0
142,0
142,0
141,0
141,0
142,0
141,0
141,0
142,0
141,0
141,0
141,0
141,0
142,0
144,0
160,0
140,0
164,0
130,0
138,0
152,0
125,0
155,0
132,0
148,0
138,0
145,0
136,0
146,0
136,0
145,0
139,0
142,0
140,0
142,0
140,0
141,0
141,0
140,0
142,0
140,0
142,0
140,0
142,0
140,0
141,0
141,0
141,0
141,0
141,0
142,0
141,0
142,0
141,0
142,0
141,0
142,0
141,0
142,0
141,0
141,0
141,0
141,0
141,0
141,0
141,0
142,0
141,0
141,0
141,0
141,0
142,0
140,0
142,0
140,0
142,0
140,0
142,0
140,0
142,0
140,0
141,0
140,0
140,0
141,0
140,0
141,0
140,0
141,0
140,0
141,0
141,0
141,0
141,0
141,0
141,0
140,0
141,0
140,0
141,0
141,0
140,0
141,0
140,0
141,0
140,0
164,0
81,0
177,0
163,0
113,0
161,0
120,0
158,0
133,0
145,0
136,0
144,0
135,0
146,0
137,0
142,0
140,0
140,0
141,0
140,0
140,0
140,0
141,0
140,0
141,0
140,0
141,0
140,0
141,0
140,0
131,0
191,0
90,0
163,0
127,0
137,0
150,0
128,0
151,0
134,0
145,0
136,0
144,0
135,0
145,0
138,0
142,0
140,0
139,0
141,0
140,0
141,0
139,0
141,0
140,0
141,0
138,0
142,0
142,0
137,0
144,0
137,0
142,0
140,0
140,0
139,0
141,0
139,0
142,0
139,0
140,0
140,0
140,0
140,0
136,0
149,0
139,0
141,0
140,0
140,0
140,0
139,0
141,0
132,0
146,0
153,0
137,0
142,0
139,0
140,0
139,0
139,0
140,0
139,0
141,0
140,0
140,0
140,0
140,0
137,0
138,0
139,0
137,0
136,0
138,0
139,0
140,0
139,0
140,0
140,0
141,0
139,0
140,0
140,0
138,0
141,0
142,0
142,0
141,0
154,0
131,0
149,0
80,0
179,0
104,0
172,0
98,0
175,0
121,0
149,0
138,0
141,0
139,0
140,0
137,0
141,0
143,0
138,0
142,0
137,0
141,0
140,0
140,0
138,0
142,0
135,0
130,0
143,0
138,0
142,0
140,0
144,0
160,0
177,0
83,0
182,0
121,0
153,0
139,0
139,0
152,0
135,0
144,0
138,0
168,0
120,0
144,0
141,0
135,0
122,0
137,0
170,0
121,0
149,0
133,0
143,0
131,0
142,0
137,0
139,0
140,0
140,0
139,0
139,0
139,0
140,0
140,0
139,0
139,0
139,0
137,0
139,0
136,0
140,0
140,0
138,0
140,0
138,0
140,0
138,0
140,0
139,0
140,0
140,0
140,0
139,0
138,0
139,0
139,0
139,0
139,0
138,0
140,0
138,0
140,0
139,0
139,0
136,0
140,0
138,0
139,0
139,0
139,0
139,0
139,0
139,0
139,0
139,0
139,0
139,0
139,0
139,0
137,0
135,0
138,0
140,0
138,0
140,0
138,0
140,0
138,0
140,0
138,0
139,0
103,0
191,0
112,0
163,0
118,0
156,0
130,0
141,0
138,0
139,0
136,0
142,0
137,0
139,0
140,0
137,0
141,0
134,0
139,0
137,0
141,0
137,0
140,0
138,0
139,0
139,0
139,0
139,0
142,0
137,0
134,0
129,0
111,0
158,0
131,0
138,0
142,0
137,0
138,0
140,0
137,0
139,0
134,0
139,0
137,0
143,0
135,0
141,0
137,0
140,0
137,0
139,0
138,0
139,0
138,0
139,0
139,0
139,0
140,0
138,0
138,0
138,0
138,0
138,0
138,0
138,0
138,0
138,0
139,0
138,0
138,0
138,0
139,0
138,0
138,0
140,0
139,0
139,0
138,0
139,0
138,0
139,0
138,0
138,0
138,0
139,0
138,0
139,0
138,0
138,0
138,0
138,0
139,0
138,0
138,0
139,0
141,0
139,0
138,0
139,0
138,0
141,0
138,0
139,0
138,0
139,0
138,0
139,0
137,0
139,0
137,0
139,0
137,0
139,0
137,0
139,0
138,0
138,0
137,0
138,0
138,0
138,0
169,0
104,0
125,0
158,0
124,0
146,0
135,0
136,0
139,0
138,0
137,0
139,0
138,0
136,0
140,0
136,0
139,0
137,0
138,0
138,0
138,0
137,0
138,0
138,0
138,0
138,0
137,0
139,0
137,0
139,0
119,0
153,0
126,0
144,0
136,0
141,0
135,0
142,0
133,0
142,0
135,0
140,0
136,0
140,0
135,0
141,0
136,0
139,0
137,0
138,0
137,0
138,0
137,0
138,0
138,0
137,0
138,0
137,0
138,0
138,0
138,0
138,0
138,0
138,0
137,0
138,0
137,0
139,0
136,0
139,0
136,0
139,0
137,0
138,0
137,0
138,0
138,0
138,0
138,0
137,0
138,0
137,0
138,0
137,0
138,0
137,0
138,0
137,0
137,0
138,0
137,0
138,0
137,0
138,0
137,0
138,0
137,0
138,0
137,0
138,0
137,0
137,0
138,0
137,0
137,0
137,0
137,0
137,0
137,0
138,0
137,0
138,0
137,0
138,0
137,0
137,0
137,0
138,0
137,0
137,0
137,0
139,0
167,0
140,0
132,0
144,0
135,0
134,0
143,0
132,0
141,0
136,0
139,0
135,0
140,0
134,0
140,0
136,0
138,0
138,0
137,0
137,0
137,0
137,0
137,0
137,0
138,0
136,0
138,0
136,0
138,0
137,0
110,0
147,0
142,0
139,0
135,0
142,0
130,0
145,0
131,0
141,0
134,0
139,0
134,0
140,0
134,0
140,0
135,0
138,0
136,0
138,0
137,0
137,0
137,0
137,0
137,0
137,0
137,0
137,0
137,0
137,0
137,0
137,0
137,0
137,0
137,0
137,0
136,0
138,0
136,0
137,0
137,0
137,0
137,0
136,0
138,0
136,0
137,0
136,0
137,0
137,0
137,0
137,0
137,0
137,0
137,0
137,0
137,0
137,0
137,0
137,0
137,0
137,0
137,0
137,0
137,0
137,0
137,0
137,0
137,0
137,0
137,0
137,0
137,0
137,0
137,0
137,0
137,0
138,0
138,0
137,0
137,0
138,0
136,0
138,0
137,0
138,0
137,0
137,0
137,0
137,0
137,0
157,0
91,0
148,0
140,0
128,0
147,0
126,0
146,0
132,0
141,0
135,0
139,0
134,0
140,0
135,0
138,0
136,0
136,0
137,0
135,0
138,0
136,0
137,0
136,0
137,0
135,0
138,0
135,0
138,0
135,0
139,0
152,0
113,0
151,0
130,0
134,0
142,0
130,0
142,0
133,0
139,0
134,0
138,0
134,0
133,0
135,0
138,0
134,0
137,0
137,0
136,0
137,0
136,0
137,0
136,0
137,0
136,0
137,0
137,0
137,0
136,0
137,0
136,0
137,0
136,0
137,0
136,0
137,0
136,0
136,0
136,0
136,0
137,0
137,0
136,0
138,0
136,0
136,0
136,0
137,0
135,0
137,0
135,0
136,0
136,0
136,0
136,0
137,0
136,0
137,0
136,0
136,0
136,0
136,0
136,0
136,0
136,0
136,0
136,0
136,0
136,0
136,0
136,0
136,0
137,0
136,0
137,0
136,0
136,0
136,0
136,0
136,0
136,0
136,0
136,0
136,0
136,0
136,0
136,0
136,0
136,0
136,0
132,0
170,0
114,0
151,0
118,0
151,0
124,0
144,0
131,0
139,0
133,0
138,0
134,0
138,0
135,0
136,0
137,0
135,0
136,0
136,0
136,0
136,0
136,0
135,0
136,0
136,0
136,0
136,0
136,0
136,0
133,0
155,0
127,0
150,0
129,0
138,0
138,0
131,0
139,0
134,0
136,0
135,0
137,0
135,0
137,0
135,0
136,0
136,0
135,0
136,0
135,0
136,0
135,0
136,0
135,0
136,0
135,0
136,0
135,0
136,0
136,0
136,0
136,0
136,0
135,0
136,0
136,0
136,0
136,0
135,0
135,0
136,0
135,0
136,0
135,0
136,0
135,0
136,0
135,0
136,0
135,0
136,0
136,0
135,0
136,0
135,0
136,0
135,0
136,0
135,0
136,0
135,0
136,0
135,0
136,0
135,0
136,0
136,0
135,0
136,0
135,0
136,0
135,0
136,0
135,0
136,0
136,0
135,0
136,0
135,0
135,0
135,0
135,0
136,0
135,0
135,0
136,0
134,0
136,0
134,0
137,0
134,0
123,0
150,0
102,0
160,0
120,0
148,0
126,0
140,0
132,0
137,0
133,0
138,0
134,0
136,0
135,0
135,0
136,0
135,0
135,0
135,0
135,0
135,0
135,0
135,0
131,0
135,0
139,0
135,0
135,0
135,0
135,0
125,0
126,0
133,0
138,0
131,0
139,0
132,0
135,0
135,0
135,0
135,0
136,0
135,0
135,0
136,0
133,0
137,0
134,0
136,0
134,0
136,0
134,0
137,0
135,0
135,0
135,0
135,0
135,0
135,0
135,0
135,0
136,0
134,0
135,0
135,0
135,0
135,0
135,0
135,0
135,0
135,0
135,0
135,0
135,0
135,0
135,0
135,0
135,0
135,0
135,0
135,0
136,0
134,0
136,0
134,0
136,0
134,0
135,0
135,0
135,0
135,0
135,0
135,0
135,0
135,0
135,0
135,0
135,0
135,0
135,0
135,0
135,0
135,0
135,0
135,0
134,0
135,0
135,0
135,0
135,0
135,0
135,0
135,0
135,0
134,0
135,0
135,0
135,0
135,0
135,0
135,0
151,0
106,0
143,0
139,0
125,0
143,0
130,0
136,0
134,0
135,0
135,0
135,0
135,0
133,0
136,0
133,0
136,0
134,0
135,0
134,0
135,0
135,0
135,0
135,0
135,0
135,0
134,0
135,0
134,0
135,0
124,0
155,0
136,0
128,0
144,0
126,0
140,0
132,0
135,0
135,0
135,0
134,0
135,0
135,0
132,0
135,0
133,0
136,0
134,0
135,0
134,0
135,0
134,0
135,0
134,0
135,0
135,0
135,0
134,0
135,0
134,0
135,0
134,0
135,0
134,0
135,0
135,0
134,0
135,0
134,0
135,0
134,0
133,0
134,0
134,0
135,0
134,0
135,0
134,0
134,0
134,0
134,0
134,0
134,0
135,0
134,0
136,0
135,0
134,0
135,0
134,0
134,0
135,0
134,0
135,0
134,0
134,0
135,0
133,0
135,0
133,0
136,0
133,0
136,0
133,0
135,0
134,0
135,0
134,0
135,0
134,0
134,0
135,0
133,0
136,0
134,0
133,0
135,0
134,0
135,0
134,0
135,0
138,0
160,0
129,0
143,0
135,0
129,0
139,0
129,0
138,0
133,0
135,0
133,0
136,0
132,0
136,0
133,0
135,0
133,0
135,0
134,0
134,0
134,0
133,0
135,0
134,0
134,0
134,0
134,0
134,0
134,0
128,0
126,0
145,0
124,0
144,0
126,0
135,0
136,0
132,0
136,0
133,0
135,0
133,0
135,0
132,0
136,0
134,0
135,0
134,0
135,0
133,0
134,0
134,0
133,0
135,0
133,0
134,0
134,0
134,0
134,0
134,0
134,0
134,0
134,0
135,0
134,0
133,0
135,0
132,0
136,0
132,0
136,0
133,0
135,0
134,0
134,0
134,0
135,0
133,0
134,0
134,0
133,0
135,0
133,0
134,0
134,0
134,0
133,0
133,0
134,0
133,0
136,0
133,0
134,0
134,0
134,0
134,0
134,0
134,0
134,0
134,0
134,0
135,0
133,0
132,0
134,0
133,0
135,0
133,0
134,0
134,0
133,0
134,0
134,0
134,0
134,0
133,0
135,0
133,0
135,0
133,0
138,0
94,0
135,0
119,0
135,0
137,0
125,0
142,0
128,0
138,0
131,0
136,0
131,0
137,0
132,0
137,0
134,0
134,0
135,0
134,0
135,0
134,0
135,0
134,0
135,0
134,0
135,0
134,0
135,0
134,0
135,0
162,0
120,0
146,0
123,0
140,0
134,0
132,0
138,0
132,0
136,0
134,0
134,0
134,0
135,0
133,0
134,0
134,0
133,0
134,0
133,0
134,0
134,0
133,0
134,0
133,0
134,0
133,0
134,0
133,0
134,0
134,0
133,0
134,0
133,0
134,0
134,0
134,0
133,0
134,0
133,0
134,0
134,0
133,0
134,0
133,0
134,0
134,0
133,0
134,0
133,0
134,0
133,0
134,0
133,0
133,0
134,0
133,0
134,0
133,0
134,0
133,0
133,0
134,0
133,0
135,0
132,0
135,0
132,0
135,0
132,0
134,0
133,0
134,0
133,0
133,0
133,0
133,0
133,0
133,0
133,0
133,0
134,0
133,0
133,0
133,0
133,0
133,0
133,0
133,0
133,0
133,0
151,0
151,0
139,0
142,0
126,0
143,0
123,0
141,0
129,0
136,0
132,0
135,0
131,0
135,0
132,0
134,0
134,0
133,0
134,0
133,0
134,0
133,0
134,0
132,0
135,0
132,0
135,0
132,0
134,0
133,0
131,0
133,0
126,0
141,0
128,0
132,0
138,0
128,0
138,0
130,0
134,0
132,0
133,0
133,0
135,0
133,0
133,0
134,0
133,0
133,0
133,0
133,0
133,0
133,0
133,0
133,0
133,0
133,0
133,0
133,0
133,0
133,0
133,0
133,0
133,0
133,0
133,0
133,0
133,0
133,0
133,0
133,0
133,0
133,0
133,0
133,0
134,0
132,0
134,0
132,0
134,0
132,0
134,0
133,0
132,0
134,0
133,0
133,0
133,0
133,0
133,0
133,0
133,0
133,0
133,0
133,0
133,0
133,0
133,0
133,0
133,0
133,0
133,0
133,0
133,0
133,0
133,0
133,0
133,0
133,0
133,0
133,0
133,0
133,0
133,0
133,0
133,0
133,0
133,0
133,0
133,0
133,0
130,0
130,0
124,0
143,0
118,0
145,0
126,0
137,0
132,0
133,0
132,0
133,0
132,0
133,0
134,0
132,0
134,0
132,0
133,0
132,0
133,0
132,0
133,0
132,0
133,0
133,0
132,0
133,0
132,0
133,0
129,0
135,0
128,0
132,0
137,0
126,0
141,0
127,0
136,0
131,0
134,0
132,0
135,0
132,0
134,0
133,0
130,0
135,0
132,0
134,0
132,0
134,0
132,0
133,0
133,0
133,0
133,0
133,0
133,0
133,0
133,0
133,0
133,0
133,0
132,0
133,0
132,0
134,0
132,0
134,0
132,0
133,0
132,0
133,0
133,0
133,0
133,0
133,0
133,0
132,0
133,0
133,0
133,0
133,0
133,0
132,0
133,0
133,0
133,0
133,0
133,0
132,0
133,0
132,0
133,0
133,0
133,0
133,0
131,0
134,0
133,0
132,0
133,0
132,0
133,0
133,0
133,0
132,0
133,0
132,0
133,0
132,0
133,0
132,0
133,0
132,0
133,0
132,0
133,0
132,0
134,0
